u,v,length
31103692,2627422489,259.92746816006934
31103771,3674040225,11.630117803962346
31103771,3674040226,6.143429126886006
31103771,3674040227,7.562089937562822
31103771,3674040228,10.883696128980365
31103773,3650925299,10.197052195289315
31103773,3650925296,10.441749033705152
31103773,3650925297,7.441743044671347
31103773,3650925298,6.541795121434777
31466186,9576549892,5.761627657160527
31466186,9491381705,80.52596027818905
31466266,9491381705,14.625059411355876
31466266,106190210,21.95396959623459
31466266,4405237819,29.341178415611477
31466321,9272835660,11.354300238879297
31466321,9272835639,10.709827734934732
31466321,9272835663,6.00168244464846
31466777,9217583486,10.409604364381503
31466777,9217583473,6.222847520218603
31466777,9217583477,5.930492363828489
31466777,9217583475,8.045723218810224
31466835,9272835659,10.503044786460247
31466835,9272835663,79.00974693288912
31466835,3674040227,79.94176385231552
31466973,9573985915,6.247825146116972
31466973,9573985913,5.923313815477398
31466973,9573985914,6.560115168159368
31466973,3674040225,86.41222005558235
31466974,3178247862,5.56420684538414
31466974,3785518082,73.0546423639117
31466974,9573985914,81.02561958427299
31466974,9573985910,4.107397289698555
31467110,2626629270,10.033473110145497
31467110,2626629281,9.108871545645785
31467110,1942218790,7.739428839870118
31467110,1942218784,8.904390435583307
31467110,3281005062,6.664110376301436
31467112,9217583483,10.111894588786663
31467112,9272810584,8.18338015997022
31467112,9217583477,77.89020413491484
31467112,36900261,46.970099277289705
31467312,9272867421,7.277209154890408
31467312,11590891656,42.05102682467373
31467312,11590891668,63.44533105623012
31467347,9272867422,9.106719511311725
31467347,2651471860,47.981652227887864
31467347,9272867439,25.493683304802694
31467372,9272835658,10.759554706025662
31467372,3650925298,145.15522359354495
31467372,3674040226,79.11296632011144
36182488,36182602,111.15946367549584
36182488,36182506,398.3372677463578
36182488,1940950031,53.102498916643285
36182506,36182488,398.3372677463578
36182506,2626629281,128.54073819903456
36182506,2626629515,151.11990294762447
36182602,36182488,111.15946367549584
36183084,9272867451,44.29396379959129
36183085,2626629270,83.75536679314749
36183085,9272867451,6.548450405359757
36183085,3650925299,137.2905981182913
36900076,36900154,34.2812521816935
36900154,36900076,34.2812521816935
36900154,9217583483,37.7229281734682
36900154,9217583481,82.87945983809
36900261,9217583481,10.480973695778118
36900261,31467112,46.970099277289705
36900261,3281005062,161.33124886154957
36901372,3857668570,7.142323986125961
36901372,2626629276,17.726303809677002
36901372,2626629273,18.39510583720148
36901372,2626629275,26.751499380315796
89186278,9271249603,11.593723386048993
89186278,9271249547,10.672838656486384
89186278,4040338197,41.43582465971126
89186279,9271249601,11.803399484608178
89186279,9271249545,10.973878957198293
89186279,9271249618,6.598703854073044
89186279,4040338197,43.17816955973676
89186280,9271249543,10.66284613461375
89186280,4040326807,28.293713108283548
89186280,4040326806,42.799826719087775
89186280,9271249599,11.918718610000031
89186282,9271249598,11.921095923814965
89186282,9271249540,10.633144562158183
89186282,4040326808,38.48134395740819
89186282,8972063369,16.25674314805301
89186283,89186832,11.400687041470096
89186283,3153682317,8.769126013305225
89186283,1685278634,10.731315611170208
89186283,4444815320,148.08412300568511
89186531,1685278635,22.104337971335784
89186531,3161459541,14.43910865537714
89186531,3161459539,8.451718948007095
89186531,3161459540,22.039065402808887
89186832,89186283,11.400687041470096
89186832,3153682319,11.26310101490484
89186832,1685278633,10.709191938301771
89186832,3153682318,8.42871075463337
89187052,9491381711,7.194362935823916
89187052,7841224683,42.62995440248726
89187052,7841224673,47.392466732893276
89187054,3198041742,8.608577649697962
89187054,3198041743,13.719325105376997
89187054,11925988773,71.01435854282963
89187054,1685278636,30.64202817170665
89187281,3785518078,7.473577690315952
89187281,3785518079,17.227439194763228
89187281,9491383461,14.6216255192444
89187281,89187282,88.77301579903873
89187282,89188323,42.23565876496689
89187282,9491383456,8.493048003154245
89187282,89187281,88.77301579903873
89187880,9573985912,6.555334568714397
89187880,4405237825,91.13575788242171
89187880,9272835639,90.59495791768437
89188022,9491383452,8.745280498685233
89188022,1685278638,37.55258564247637
89188022,3178247347,21.456370391687393
89188323,89187282,42.23565876496689
89188323,3178247347,20.91497297808592
89188323,1685278639,20.337337993655776
106188698,9491383463,131.67703515740956
106190207,3661084142,54.24690815626735
106190210,3661084014,12.424238125647133
106190210,31466266,21.95396959623459
106199227,9491383463,7.242101343482139
106199227,8045373946,27.922074782136626
106199227,11925988773,82.93620414509654
106302129,13643533186,7.264693821593563
106302129,7841309991,79.61417058077302
106318221,13643533184,6.2241598738660375
106318221,13643533186,71.0189603202913
106322469,11536143562,5.839570364222068
106322469,11536143563,8.019397465438074
106322469,11536143561,6.166279924871002
106322469,11536195457,5.304491732402471
106330800,11536143563,47.5504502652239
106330800,3153682317,33.48398826253544
106330800,3153682318,30.378020887941
130049084,9272810585,8.392639251932628
130049084,9217583489,10.262030590380347
130049084,9217583473,77.17715613296652
213866369,213911850,14.136388502858447
213866369,213911007,172.7510777748932
213866369,213914017,14.674875118413665
213866380,2627422489,5.725013010192271
213866380,213914017,102.90052261367791
213866380,1637393721,37.45855026758129
213866386,1637393721,14.494747252248679
213866386,1942218768,46.73748008423469
213866386,1942218768,51.098688510614124
213866839,331122966,125.1866233498685
213866839,213911007,120.13073527636642
213900689,2609994113,83.45728557170902
213904499,213910843,170.9372629439482
213904518,213904528,119.34876380785227
213904528,213904518,119.34876380785228
213904528,1838278071,43.843473679258835
213904528,213904533,44.13416535054503
213904533,1685278633,8.174416985187117
213904533,2651471708,11.309435034205768
213904533,213904528,44.13416535054504
213904533,4040326820,10.739496624327984
213905628,213911850,277.43015542327726
213910843,8990287398,22.229566926014144
213910843,213904499,170.93726294394824
213910843,213910899,251.21289396085882
213910899,213910843,251.21289396085882
213911007,2627422590,9.75417251457395
213911007,213866369,172.75107777489316
213911007,213866839,120.13073527636644
213911850,213866369,14.136388502858447
213911850,2627422638,21.20104253947054
213911850,213905628,277.4301554232772
213913992,2627422666,225.78641024006927
213914017,2627422638,13.908266040871384
213914017,213866380,102.90052261367791
213914017,213866369,14.674875118413665
213919417,2621710427,8.189922815658417
213919422,2586023023,21.327891894841343
213919423,2609994180,9.218440386182547
213919423,2586023023,21.181645736158686
213919423,2609994181,10.501856228921627
249637860,9272873075,119.62703983964248
249637860,9272873074,121.83388936422091
249637860,2609994180,60.519638340173344
249638043,4040326918,9.164733713548902
249638043,8972054213,10.307920224446177
249638043,4040326925,36.71952441206075
249638043,2651471839,45.0775813809843
249640167,1942218768,13.324014033908748
249640167,10896030728,8.872742739415555
249640167,2653475250,150.02806037828842
284056480,1685278634,148.97803604882353
284056480,10124229174,121.83932292629987
284056480,3161459542,54.086179961578836
331121883,331199534,83.55947346147381
331121883,11892335946,9.881915520392157
331121883,11017122065,11.375209904908177
331121883,331381227,87.74564785100432
331121884,331199534,83.92687058198726
331121884,11892335924,10.689092041042931
331121884,11892335907,10.352017037097548
331121884,4830896790,7.368334631331235
331121884,12499291951,9.795193951678446
331122966,213866839,125.18662334986848
331199534,331121884,83.92687058198726
331199534,331121883,83.55947346147381
331199534,11892335904,10.797225932953188
331199534,11892337591,9.963031763958062
331199572,2586023172,7.248545591165181
331199572,8268778285,10.771259968283251
331199572,1637393721,16.32456750663285
331199642,2626629352,26.074495973710434
331199642,2626629382,13.062490808066485
331199642,2626629472,74.2625686630924
331199689,2626629628,6.088485948848757
331199689,12530005900,16.363114178571173
331199689,9236629831,18.04090495121634
331199702,1940500286,73.24792476968894
331199702,2407447516,41.40341879831823
331199702,2602423615,22.36825409942028
331381227,11892335903,10.406011269389314
331381227,331121883,87.74564785100432
331584297,2626629272,17.361482903381074
331584297,2626629268,7.448290498518178
331584297,2626629275,9.0798002476178
404025318,4631140788,8.055444450963163
404025318,404025793,48.185226888206586
404025318,1620906561,40.19570429834708
404025321,404025820,31.697780568386513
404025321,4631140788,7.725168972929173
404025321,404025804,35.715282104415984
404025321,11895607163,20.064381211966015
404025324,2621710349,41.39804824009087
404025324,1942197488,13.39022246001523
404025324,404025824,28.727469716481096
404025324,1942197489,22.061985835962027
404025324,1942197484,28.335871523372035
404025324,2621710411,22.550840005102124
404025348,404025810,12.409270034700508
404025348,404025355,38.590442161304175
404025348,1942197485,23.860487996358568
404025348,1942197475,35.344011611288764
404025348,404025829,39.849204881608316
404025355,2621710340,6.536540888418111
404025355,404025348,38.59044216130418
404025355,1942197475,27.096454821826356
404025368,10160910240,7.469301276610633
404025368,404025375,81.92564064741313
404025368,2045814005,31.067684996870643
404025375,13714990021,8.084456407908988
404025375,404025368,81.92564064741315
404025375,2145287656,27.000173621663553
404025388,2626629546,7.28948151211776
404025388,2626629551,8.596076621910186
404025388,11964582139,39.56283444229015
404025408,13714990026,1.8246653209243862
404025408,11917781025,55.719041297467164
404025408,11889977275,42.00632237368304
404025784,2586023099,10.159242610542721
404025784,11892335563,44.42071515221442
404025784,12506513647,69.92659700453787
404025793,404025318,48.185226888206586
404025793,2586023099,8.40211500733302
404025793,1942197466,19.173948145309975
404025801,1942197473,48.98112272488832
404025801,1942197466,73.02481464772598
404025801,12506513650,6.712576031482569
404025804,404025812,26.590303677758243
404025804,404025816,17.666743085296375
404025804,404025321,35.715282104415984
404025810,12501959800,3.660334077919552
404025810,404025816,41.3094080461083
404025810,404025348,12.409270034700508
404025810,1942197482,24.407183577236356
404025812,404025804,26.590303677758243
404025812,1942197475,16.131232146627607
404025812,404025816,19.1686688092583
404025816,404025810,41.3094080461083
404025816,404025804,17.666743085296375
404025816,404025820,28.39229801260676
404025816,404025812,19.1686688092583
404025816,1942197482,48.093124398406104
404025820,2621710349,50.70655965660904
404025820,404025321,31.697780568386513
404025820,404025816,28.39229801260676
404025820,11895607128,22.354094877415047
404025824,404025324,28.727469716481096
404025824,1942197484,16.71464739441917
404025824,12501959800,27.324034523591852
404025824,1942197491,29.97012014760538
404025824,1942197485,19.470073554200958
404025824,2621710421,48.920876314436356
404025829,2621710364,4.57684010520333
404025829,1942197485,37.692261485073274
404025829,404025348,39.849204881608316
1388847970,3650925297,39.07928331005492
1389063899,1940949968,4.835502181538512
1389063899,2626629570,14.948644990653785
1389063899,1389063901,11.680393998514115
1389063900,13018144471,10.363916377173615
1389063900,2626629568,9.094241408272444
1389063900,11897592238,14.121872266902617
1389063901,2626629570,12.77076319682307
1389063901,1389063899,11.680393998514115
1389063901,1389063902,65.50907296106634
1389063902,1389063901,65.50907296106634
1389063902,1389063925,82.49410126540694
1389063902,2651477824,27.77683031423587
1389063902,2651477860,81.19593428121883
1389063925,2626629620,29.857371536354524
1389063925,1389063902,82.49410126540695
1389063925,1389063946,56.51127077496765
1389063946,1389063925,56.51127077496765
1389063946,1940950031,48.724847732093046
1389063946,9647551604,108.55180141497503
1620906431,12501209534,1.2238158630078084
1620906455,2145282925,13.437670366552084
1620906455,2145282908,14.303986440086225
1620906455,2794184040,16.481062729877905
1620906557,1620906577,33.400280861239565
1620906557,2145282920,24.29782145875732
1620906557,2586023148,24.085765894947492
1620906561,2586023148,20.045289763868798
1620906561,11895607163,20.936339548351285
1620906561,404025318,40.19570429834709
1620906561,2794098824,56.03294275694563
1620906577,1620906557,33.400280861239565
1620906577,2621710321,20.8152775761749
1620906577,2621710327,6.932499494186359
1620906596,2586023145,95.61464452389455
1620906596,2050944873,50.3285216392105
1620906596,1942218773,57.76107066030376
1637393712,2586023154,5.885607087964368
1637393712,2586023147,16.590132620953785
1637393712,2586023145,29.240676030124916
1637393721,213866380,37.45855026758129
1637393721,213866386,14.494747252248679
1637393721,331199572,16.32456750663285
1637393723,2586023173,6.522433154456671
1637393723,2586023176,18.213570906364332
1637393723,8268778285,3.9480216059455877
1685278632,9271249539,12.700222348212758
1685278632,1838278065,26.003864761115715
1685278632,7439929465,27.39156345414085
1685278632,8281603892,30.029593318768423
1685278632,9271249596,11.69343949825538
1685278633,3153682320,11.255780924198348
1685278633,89186832,10.709191938301771
1685278633,213904533,8.174416985187117
1685278633,1685278634,11.409542673694736
1685278634,2651471708,8.304956390451443
1685278634,1685278633,11.409542673694736
1685278634,89186283,10.731315611170208
1685278634,284056480,148.97803604882355
1685278635,2609993875,9.875797961352644
1685278635,3161459543,17.786935988885215
1685278635,89186531,22.104337971335784
1685278635,3161459542,23.076150460312498
1685278636,1685278637,197.51197878875084
1685278636,89187054,30.64202817170665
1685278636,3198041744,42.70300521529538
1685278637,9491383461,10.730640588880998
1685278637,3785518082,8.608261038600752
1685278637,3785518081,13.65047536620862
1685278637,1685278636,197.51197878875084
1685278638,4405237819,6.622498079902518
1685278638,89188022,37.55258564247637
1685278638,9491381693,13.57301735090661
1685278638,3178247348,55.416832306699405
1685278639,3178247348,7.969958478887966
1685278639,3178247350,11.30358731774949
1685278639,3785518081,152.18947881155404
1685278639,89188323,20.337337993655776
1838278065,3153682320,27.62455490161759
1838278065,1685278632,26.003864761115715
1838278065,1838278071,20.885908753737027
1838278071,3153644290,4.884436203506321
1838278071,213904528,43.84347367925883
1838278071,1838278065,20.885908753737027
1838278071,4040326820,10.644050946467246
1838278369,1838278397,22.898486088032485
1838278369,1838278374,21.964617152661646
1838278369,2050944873,21.373033866853472
1838278374,2621710375,9.087481416875201
1838278374,1838278369,21.964617152661646
1838278374,1838278397,27.750015800956724
1838278397,1838278374,27.750015800956724
1838278397,1838278369,22.89848608803248
1838278397,2045814016,31.724271151701366
1852980692,9647551604,81.72735824890052
1852980692,1940950214,33.15507690325091
1940500286,331199702,73.24792476968894
1940500286,1940950214,113.15283699324966
1940500286,2407447516,22.98291205760723
1940949871,9220391689,8.700072658927283
1940949871,2145287652,20.607069172416292
1940949871,2626629479,8.091419391676366
1940949876,2626629479,2.358854687595826
1940949876,12506571244,4.3520687232001825
1940949876,1940949883,15.890850550453461
1940949883,1940949876,15.890850550453461
1940949883,1940949915,18.35756315205893
1940949883,2626629539,22.958924113099286
1940949915,2626629488,4.520906988047637
1940949915,1940949883,18.35756315205893
1940949915,1940949939,18.947924719404362
1940949924,11887714655,5.889844551608098
1940949924,2626629509,8.754643898210082
1940949924,8353797831,92.33424110042782
1940949936,2626629534,5.209852741361411
1940949936,2626629516,24.31104572148629
1940949936,2626629519,20.16530758996949
1940949937,1940949940,4.781943918994753
1940949937,2626629519,12.0418148669224
1940949937,2626629515,20.918830423167677
1940949939,1940949915,18.947924719404362
1940949939,9432478212,57.644199529475756
1940949939,2626629509,61.125673110714914
1940949940,1940949937,4.781943918994753
1940949940,2626629534,31.70879894060773
1940949940,1940949968,7.8868998369970145
1940949968,1389063899,4.835502181538512
1940949968,2626629534,36.379730535461796
1940949968,1940949940,7.886899836997014
1940950006,2626629662,9.938479315211618
1940950006,12530005900,37.38571969779259
1940950006,2626629677,76.111097501476
1940950031,2626629620,58.36953055064022
1940950031,36182488,53.102498916643285
1940950031,1389063946,48.72484773209303
1940950214,9647551607,11.360357270235587
1940950214,1852980692,33.15507690325091
1940950214,1940500286,113.15283699324965
1942197466,404025793,19.173948145309975
1942197466,404025801,73.02481464772598
1942197466,1942197473,45.881800703472656
1942197473,404025801,48.98112272488832
1942197473,4631140788,24.123384775700046
1942197473,1942197466,45.88180070347266
1942197475,404025812,16.131232146627607
1942197475,404025355,27.096454821826356
1942197475,404025348,35.344011611288764
1942197482,404025816,48.093124398406104
1942197482,1942197484,22.64460062075086
1942197482,2621710349,2.3087507851117426
1942197482,404025810,24.407183577236356
1942197484,404025824,16.71464739441917
1942197484,12501959800,18.016902459443873
1942197484,1942197482,22.64460062075086
1942197484,404025324,28.335871523372035
1942197485,404025824,19.470073554200958
1942197485,404025348,23.860487996358568
1942197485,404025829,37.692261485073274
1942197488,3857668571,9.5221554768215
1942197488,404025324,13.39022246001523
1942197488,1942197489,17.68693270536422
1942197488,2621710411,20.63615199603358
1942197489,1942197491,12.601592754164106
1942197489,1942197488,17.68693270536422
1942197489,404025324,22.061985835962027
1942197491,404025824,29.97012014760538
1942197491,1942197489,12.601592754164106
1942197491,9484563414,17.6803909100898
1942218768,249640167,13.324014033908748
1942218768,213866386,46.7374800842347
1942218768,213866386,51.09868851061413
1942218773,1620906596,57.76107066030376
1942218773,2621710327,13.071349069577096
1942218773,3220826938,27.713691939785626
1942218784,1942218790,8.403947430038968
1942218784,12502535099,5.038064368583257
1942218784,31467110,8.904390435583307
1942218784,2626629273,70.79181120946096
1942218790,31467110,7.739428839870118
1942218790,12502535100,5.986188098023848
1942218790,1942218784,8.403947430038968
1942218790,2626629276,68.92578243753914
1942234323,2609993875,41.57390594995093
1942234323,2609993880,31.961533108551045
1942234323,9203130528,17.015597245121917
1942234326,9272873075,12.446972214489001
1942234326,4040326925,10.093170303272077
1942234326,4040326921,9.470757427056375
1942234326,9203130528,8.723316804606645
2045806346,2626629298,1.873811449969707
2045806346,2617946214,19.81274633526322
2045806346,2050938677,24.465621691271583
2045814003,9484563414,27.523304338121147
2045814003,2045814024,10.579609126434493
2045814003,9484576026,9.905579020153386
2045814005,2045814011,31.907852122664366
2045814005,2145287654,20.731570782065553
2045814005,9220391690,4.126894876115286
2045814005,404025368,31.06768499687064
2045814011,2407447517,6.191504171445549
2045814011,13533665513,5.31838684283631
2045814011,2045814005,31.907852122664366
2045814011,2145287654,37.75146514362417
2045814011,12507578118,18.49433660972322
2045814012,10160910240,56.98907518004859
2045814012,2617946227,32.70583921841844
2045814012,11887729573,41.789005956004075
2045814016,2617946217,31.670163259868083
2045814016,2621710415,5.397391396453956
2045814016,1838278397,31.724271151701366
2045814020,2407447517,32.604430833249104
2045814020,2045814024,30.903331501085297
2045814020,11887729573,3.0179991426804995
2045814024,2045814020,30.903331501085297
2045814024,2045814003,10.579609126434493
2045814024,13533665513,18.102461583661537
2050938672,2621710411,4.2485265977
2050938676,2617946215,6.16353541471297
2050938677,2045806346,24.465621691271583
2050944873,2627422474,9.505034319065249
2050944873,1838278369,21.373033866853472
2050944873,1620906596,50.32852163921051
2050950353,2609993963,11.53440661327299
2050950353,2050950356,33.24227384282382
2050950353,2050950360,16.149249271372863
2050950356,2050950373,34.37480781223815
2050950356,2652125683,16.385090277457326
2050950356,2050950353,33.24227384282382
2050950360,2652125683,32.32681889416073
2050950360,2609994026,12.67894009206976
2050950360,2050950353,16.149249271372863
2050950362,2050950386,54.93785850954481
2050950362,2050950372,20.5353676294692
2050950362,2609993948,1.435431974309677
2050950364,2609993924,8.771161663515903
2050950364,2609993944,15.22875841738845
2050950364,12507462590,33.43100750814742
2050950366,2652125683,42.154527408828905
2050950366,2050950373,18.859964429858827
2050950366,2050950384,17.91827348167891
2050950368,12502460709,17.903743561919875
2050950368,2050950370,19.848522325837713
2050950368,9825388137,38.75303885139633
2050950370,2652125689,43.81911016229493
2050950370,2050950384,18.059040790326208
2050950370,2050950368,19.848522325837713
2050950372,2050950377,62.93380535512345
2050950372,2050950362,20.5353676294692
2050950372,2609993963,9.711326408729422
2050950373,2609993958,11.280218979943594
2050950373,2050950356,34.37480781223815
2050950373,2050950366,18.859964429858827
2050950377,2050950372,62.93380535512345
2050950377,2050950386,20.778884586654886
2050950377,2609993958,11.28022280141915
2050950378,2652125689,19.454243857193408
2050950378,2609994062,25.899521155440105
2050950378,9825388137,7.961125682383834
2050950378,3220820576,30.00162391695192
2050950381,2652125689,31.519483521930063
2050950381,2609994052,10.447023011045784
2050950381,2050950382,17.878825440463135
2050950382,2652125687,31.535291767283375
2050950382,2050950381,17.878825440463135
2050950382,2609994026,5.318827129582473
2050950384,2652125687,43.4867956034305
2050950384,2050950370,18.059040790326208
2050950384,2050950366,17.91827348167891
2050950386,2050950362,54.93785850954481
2050950386,2050950377,20.778884586654886
2050950386,2609993942,23.11126552205461
2145282906,2626629546,13.398750827534318
2145282906,13714990021,37.3095457955402
2145282906,2145287656,35.397393296527255
2145282908,12506537152,28.475974324248007
2145282908,2145282925,11.545296015796776
2145282908,12501209542,19.544393683495752
2145282908,1620906455,14.303986440086225
2145282920,12501209542,9.758687782778711
2145282920,12501209533,32.96095635848627
2145282920,1620906557,24.29782145875732
2145282925,2586023081,19.481578550077447
2145282925,1620906455,13.437670366552084
2145282925,12501209543,9.955343510996146
2145282925,2145282908,11.545296015796776
2145287652,2145287656,18.70285250235341
2145287652,2145287653,30.782020945023326
2145287652,1940949871,20.607069172416292
2145287653,2145287652,30.782020945023326
2145287653,2626629438,15.888201728941421
2145287653,2626629460,5.895314980994743
2145287653,2145287654,36.88089469059661
2145287654,2045814011,37.75146514362417
2145287654,2626629453,20.738951724284206
2145287654,2407447521,21.738966874184726
2145287654,2045814005,20.731570782065553
2145287654,2145287653,36.88089469059661
2145287656,2145287652,18.70285250235341
2145287656,404025375,27.000173621663553
2145287656,2626629453,38.31129267825616
2145287656,2145282906,35.397393296527255
2145293893,11892335535,5.859769744977296
2145293893,9548810009,8.982733868992337
2145293893,12520994347,28.960689979874388
2145293894,2145293895,9.524286695127888
2145293894,2626629468,36.551289883095045
2145293894,11889977353,4.14654196362747
2145293895,12501640641,8.924640274076744
2145293895,2145293894,9.524286695127888
2145293895,12507578122,5.229564572918934
2145293895,2626629444,14.08505572817579
2407447511,12502926033,35.17566465182735
2407447516,12502926033,4.465169128704837
2407447516,1940500286,22.98291205760723
2407447516,331199702,41.40341879831823
2407447517,2045814011,6.191504171445549
2407447517,2045814020,32.604430833249104
2407447517,10160910240,31.417482317177594
2407447521,2145287654,21.738966874184726
2407447521,12507578120,6.8627650672090565
2407447521,2626629438,13.129135024649145
2407447521,12507578118,51.17027955675313
2586022962,9272873076,1.85767722801499
2586022962,2586022976,169.573721037812
2586022962,8972054212,33.8918365625413
2586022976,2586022962,169.57372103781194
2586022976,2586023000,17.348675262838935
2586022976,2586023008,24.953477529303033
2586022980,2586022985,46.80717449140792
2586022980,2609994179,5.096167847918232
2586022980,2609994158,6.983776586486101
2586022985,2586022989,27.9555409910322
2586022985,2586022980,46.80717449140791
2586022985,12501819067,29.21627599697416
2586022989,12501332191,11.509732782311787
2586022989,2586022985,27.9555409910322
2586022989,2651473572,11.088706890219164
2586022991,12501819067,2.7256237140722575
2586022991,2794184055,97.86485150538259
2586022991,2586023013,33.05512229208135
2586022992,12501332191,41.539722189519
2586022992,2586022993,15.752294597054135
2586022992,2586023004,10.868831776088111
2586022993,12506537156,15.096049490710957
2586022993,11892335547,15.388135039747405
2586022993,2586022992,15.752294597054135
2586023000,2586022976,17.348675262838935
2586023000,2586023019,14.589418462579355
2586023000,2609994180,9.429966050384273
2586023004,2586022992,10.868831776088111
2586023004,12506537153,34.23874903437422
2586023004,12506537155,5.014063815155051
2586023006,9538833657,10.957396600004072
2586023006,11892335563,24.687333511117814
2586023006,2609994189,31.299688580974877
2586023008,2586023010,4.17341122897019
2586023008,2586022976,24.953477529303033
2586023008,2609994186,13.175280363807335
2586023010,2586023008,4.17341122897019
2586023010,2586023043,22.09643172968161
2586023010,12506513646,9.060956066223264
2586023013,3178248261,5.8070582380235285
2586023013,12506549355,27.272352902348196
2586023013,2586022991,33.05512229208135
2586023016,12506537153,1.7792871907046937
2586023019,12506513646,2.9855508304425844
2586023019,2586023000,14.589418462579355
2586023019,2586023023,7.992956224617401
2586023023,2586023019,7.992956224617401
2586023023,2609994195,7.906263921982327
2586023023,213919423,21.181645736158686
2586023023,213919422,21.327891894841343
2586023030,3220768278,37.63645113323081
2586023030,2586023043,10.251610854954777
2586023030,10656640336,10.264736238477708
2586023043,2586023030,10.251610854954777
2586023043,2586023010,22.096431729681605
2586023043,2586023067,24.02270054787521
2586023047,9538833650,19.031481123372984
2586023067,2586023043,24.02270054787521
2586023067,12506513646,41.22947705709013
2586023067,13714969032,47.37997157969363
2586023070,3178248261,25.042702167154115
2586023070,10896030728,91.006466033039
2586023070,3178248264,15.968493821564826
2586023073,2586023096,23.80863474214564
2586023073,12501959762,26.30383808764553
2586023073,2794184042,29.54313261042575
2586023081,2145282925,19.481578550077447
2586023081,12506537156,42.27123848093973
2586023081,12501209541,9.749316594495165
2586023081,9517059026,3.0714687794334323
2586023086,3178248266,0.9023850270125529
2586023086,9484576049,27.179655603581672
2586023086,12501959762,9.087741678982054
2586023096,9484576049,12.916887349083819
2586023096,2586023073,23.80863474214564
2586023096,9484576047,17.862028640625397
2586023099,404025793,8.40211500733302
2586023099,404025784,10.159242610542721
2586023099,12501297047,14.04990719315748
2586023145,1637393712,29.240676030124916
2586023145,1620906596,95.61464452389455
2586023145,2586023150,5.799166727473158
2586023145,9484576047,54.81010095977752
2586023147,2586023151,6.221711235802322
2586023147,1637393712,16.590132620953785
2586023147,10896030728,8.856564984716483
2586023148,2621710321,9.078616529053399
2586023148,1620906561,20.0452897638688
2586023148,1620906557,24.085765894947492
2586023150,9484576057,14.993709967744088
2586023150,9205582433,35.87146637739123
2586023150,9484576065,18.369487545648767
2586023150,2586023145,5.799166727473158
2586023151,9484576059,8.04288495705139
2586023151,2586023172,58.21434173239026
2586023151,2586023147,6.221711235802322
2586023151,2586023158,7.2823264766574365
2586023154,2586023173,58.17041769089136
2586023154,1637393712,5.885607087964368
2586023154,9484576059,8.358860854285355
2586023154,9484576057,12.488851124189551
2586023158,2586023172,60.618184839662234
2586023158,2586023151,7.282326476657436
2586023158,10896030728,12.093412612939119
2586023172,9484576058,6.902330373963556
2586023172,331199572,7.248545591165181
2586023172,2586023151,58.21434173239026
2586023172,2586023158,60.618184839662234
2586023173,1637393723,6.522433154456671
2586023173,2586023154,58.17041769089136
2586023173,9484576056,6.976662723313221
2586023173,9484576058,8.01186132796043
2586023176,1637393723,18.213570906364332
2586023176,2627422474,50.28820506028688
2586023176,2586023177,30.508901377304138
2586023176,9484576056,16.979273682985458
2586023177,11897592254,13.491672316718937
2586023177,2621710375,11.74800196080102
2586023177,2586023176,30.508901377304138
2602423615,331199702,22.368254099420277
2602423615,2626629670,37.1453862597718
2602423615,12530031004,50.579138219179505
2609993870,3161459543,33.09750185012132
2609993870,2609993880,31.537891475851037
2609993870,3198041744,141.38105442841749
2609993875,1685278635,9.875797961352644
2609993875,2609993877,17.496925518552608
2609993875,1942234323,41.57390594995093
2609993875,2609993876,13.941033612520156
2609993876,3161459543,9.324774118925951
2609993876,2609993875,13.941033612520156
2609993876,2609993880,7.222035234763878
2609993877,2609993875,17.496925518552608
2609993877,2609993891,15.408969771104825
2609993877,9259047226,9.101134356054896
2609993880,1942234323,31.961533108551038
2609993880,2609993870,31.537891475851037
2609993880,2609993876,7.222035234763878
2609993880,9272833798,4.24181818967331
2609993891,2609993877,15.408969771104825
2609993891,2609993909,34.51454307916639
2609993891,9272873073,51.9888078387755
2609993909,2794001943,8.58054223763204
2609993909,12502900638,4.7186757561485955
2609993909,2609993891,34.51454307916639
2609993913,2609993914,10.250985753749326
2609993913,12507462581,18.257411954172177
2609993913,12507462581,58.018349796195814
2609993914,9259047223,33.1212991147348
2609993914,12507469110,8.736417495689533
2609993914,2609993916,17.26044990225695
2609993914,2609993913,10.250985753749326
2609993916,2609993914,17.26044990225695
2609993916,2609993934,15.981081147006474
2609993916,12502900639,10.15080942635742
2609993924,2050950364,8.771161663515903
2609993924,2609993942,59.13798255973948
2609993924,10158813893,44.96614317463368
2609993929,2609993934,17.27742455017097
2609993929,12507469110,7.22311886857007
2609993929,9825388039,34.99887044728851
2609993929,7387326394,15.570133247389046
2609993934,2609993929,17.27742455017097
2609993934,4444815323,31.01647151645203
2609993934,2609993916,15.981081147006474
2609993942,2609993944,42.87401163402687
2609993942,2609993924,59.13798255973947
2609993942,2050950386,23.11126552205461
2609993944,2609993942,42.87401163402687
2609993944,2609993948,15.199122065995816
2609993944,2050950364,15.22875841738845
2609993948,2609993949,8.759622577452442
2609993948,2050950362,1.435431974309677
2609993948,2609993944,15.199122065995816
2609993949,2609993948,8.759622577452442
2609993949,2609993968,30.363615314003596
2609993949,2794130764,11.000473764525209
2609993956,9825388039,26.495990395275733
2609993958,2609993963,66.10674673950632
2609993958,2050950377,11.28022280141915
2609993958,2050950373,11.280218979943594
2609993963,2609993958,66.10674673950632
2609993963,3153690911,6.665584424641907
2609993963,2050950353,11.53440661327299
2609993963,2050950372,9.711326408729422
2609993968,3153690911,6.261933318516185
2609993968,3153690913,10.314808535027037
2609993968,2609993949,30.363615314003596
2609993972,7387326321,1.4463524272198764
2609993972,7387326320,1.3022168290671212
2609993972,12499286075,4.4157461757726715
2609993974,2609994015,31.41111315404497
2609993974,13018107977,59.87891436793588
2609993974,2609993976,30.032156853637314
2609993974,2794001941,16.580271602297348
2609993976,12502889364,0.5750614665732344
2609993976,2609993974,30.032156853637314
2609993976,2609993992,21.985012669440728
2609993980,2609993988,13.500725018116293
2609993980,12499286078,12.058785326779219
2609993980,12502889364,3.9477092220082817
2609993982,12499286078,20.68102188499079
2609993982,12499286079,18.375232773139864
2609993982,2794172143,98.41180375726829
2609993988,2609993980,13.500725018116293
2609993992,12499286076,4.520685195677742
2609993992,2609993976,21.985012669440724
2609993992,2609994010,23.728864333891348
2609993994,12499286076,7.54726008542208
2609994002,2794130769,55.981875767474165
2609994002,2794131153,16.303805829710708
2609994002,2609994029,11.263003761655707
2609994004,2609994006,6.90200239559767
2609994004,2794130769,20.364836081884825
2609994004,2609994058,39.914335259497584
2609994006,3153685746,13.173273117665019
2609994006,2609994004,6.90200239559767
2609994006,12499286061,6.743402847073402
2609994010,12502460751,30.4691212758233
2609994010,2609993992,23.728864333891348
2609994010,2609994015,4.399058332703181
2609994015,2609993974,31.41111315404497
2609994015,12499286073,3.867883545024796
2609994015,2609994010,4.399058332703181
2609994026,2050950382,5.318827129582473
2609994026,2050950360,12.67894009206976
2609994026,2609994029,9.345453952801115
2609994029,2609994026,9.345453952801115
2609994029,9258587286,44.27341940337351
2609994029,2609994002,11.263003761655707
2609994052,2050950381,10.447023011045784
2609994052,9258587286,20.64073649735544
2609994052,2609994062,10.107443652195562
2609994058,9258587288,52.65862953754701
2609994058,2609994004,39.914335259497584
2609994058,11889986048,49.452628731866504
2609994062,2050950378,25.899521155440105
2609994062,9825388131,4.87767039383313
2609994062,2609994052,10.107443652195562
2609994096,12502460709,9.206956493705306
2609994106,3220820576,2.9691848124982823
2609994106,2651473563,11.097694798936008
2609994106,2609994109,18.52693288669109
2609994106,9825388132,10.36863621519148
2609994109,2609994115,11.924842869703904
2609994109,2609994106,18.526932886691093
2609994109,2651473572,10.189153211198192
2609994113,9825388132,47.66550402655648
2609994113,213900689,83.45728557170902
2609994113,2609994156,30.188194698645
2609994113,2609994158,8.855071551549514
2609994115,2609994109,11.924842869703904
2609994115,11892367871,75.51541797255636
2609994115,3220820574,19.10731192932346
2609994117,2794172144,19.539936361891293
2609994117,2609994154,5.758836545896439
2609994117,2609994144,5.23219028638141
2609994142,3153685749,36.95434140431095
2609994142,11889986048,21.69976420360151
2609994142,2609994144,4.673279337899973
2609994144,9205582437,12.198971529758255
2609994144,12502460754,80.98328174488731
2609994144,2609994117,5.23219028638141
2609994144,2609994142,4.673279337899973
2609994154,2794172134,26.67432600763762
2609994154,2609994117,5.75883654589644
2609994154,8821836506,8.95709938391376
2609994156,3153690827,26.866839598781965
2609994156,2609994113,30.188194698645
2609994156,11890453705,12.944152324656105
2609994158,2651473563,56.30358608023584
2609994158,2653475250,14.370338958538703
2609994158,2586022980,6.983776586486101
2609994158,2609994113,8.855071551549514
2609994165,2609994169,4.684659279499562
2609994165,2794172134,21.16105725656378
2609994165,2609994181,11.24084021407807
2609994169,2609994165,4.684659279499562
2609994169,2794172143,33.716737878196426
2609994169,2609994180,8.778131733042084
2609994179,12506549355,0.7948252698072648
2609994179,12501819067,20.371604714202938
2609994179,2586022980,5.096167847918232
2609994180,213919423,9.218440386182547
2609994180,2586023000,9.429966050384273
2609994180,2609994169,8.778131733042084
2609994180,249637860,60.519638340173344
2609994181,2609994189,6.390640827166513
2609994181,2609994165,11.24084021407807
2609994181,213919423,10.501856228921627
2609994181,8821836506,44.49673764021654
2609994186,2586023008,13.175280363807335
2609994189,2609994193,23.71196659863609
2609994189,2586023006,31.29968858097488
2609994189,2609994181,6.390640827166513
2609994193,2609994195,4.434080895969548
2609994193,11892335563,48.828058189095266
2609994193,2609994189,23.71196659863609
2609994195,2609994193,4.434080895969548
2609994195,12506513647,2.668116295285737
2609994195,2586023023,7.906263921982327
2609994226,11535982072,5.943468653688195
2609994226,2626629264,44.48105726744523
2609994226,12502535093,12.433870209915842
2609994226,2621710340,16.42682549750825
2617945476,2617945477,32.30869684171932
2617945476,2621710360,7.83467103069973
2617945476,2621710427,55.76514826088834
2617945477,2617945476,32.30869684171932
2617945477,9220391679,4.436949849833981
2617945477,9220391670,5.725939911599198
2617945479,9220391683,1.6346479564325473
2617945479,9220391653,27.84860980106238
2617945479,9220391663,29.644460276244416
2617946210,2617946211,2.301859333777101
2617946210,2794102584,20.794770548135247
2617946210,2617946214,7.322990500702675
2617946211,12507508160,9.370071724116087
2617946211,2617946210,2.301859333777101
2617946211,2617946215,29.33465204109429
2617946211,12507508165,5.656227111940413
2617946212,12507508160,16.642650671279412
2617946212,2617946215,27.269786662542156
2617946212,9484576070,8.084941712440056
2617946213,2617946214,25.735632219851453
2617946213,2617946217,19.231225965749566
2617946213,9484576068,5.784411891504756
2617946214,2617946213,25.735632219851453
2617946214,2617946210,7.322990500702675
2617946214,2045806346,19.81274633526322
2617946215,2617946211,29.33465204109429
2617946215,2050938676,6.16353541471297
2617946215,2617946212,27.269786662542156
2617946217,2045814016,31.670163259868083
2617946217,2626629298,23.632699993699806
2617946217,2617946213,19.231225965749566
2617946224,9484563411,32.203481453269156
2617946224,9484563400,1.756727044209433
2617946224,9484563402,3.3457593513001904
2617946227,2045814012,32.70583921841844
2617946227,11897592212,40.74173871678994
2617946227,9484576025,60.44365791458438
2621710319,12506513650,0.8118856554615306
2621710319,2621710340,78.40611594819588
2621710319,9205582426,16.247018132888975
2621710321,2621710326,21.554451406265883
2621710321,1620906577,20.8152775761749
2621710321,2586023148,9.078616529053399
2621710326,9503925656,1.1986469966785653
2621710326,2621710321,21.554451406265883
2621710326,9503925655,3.1920593210247596
2621710327,9503925656,8.797365339469248
2621710327,1942218773,13.071349069577096
2621710327,1620906577,6.932499494186359
2621710340,404025355,6.536540888418111
2621710340,2621710364,15.57540507339353
2621710340,2621710319,78.40611594819588
2621710340,2609994226,16.42682549750825
2621710349,404025324,41.39804824009087
2621710349,404025820,50.70655965660904
2621710349,1942197482,2.3087507851117426
2621710349,2794102583,22.183031486702745
2621710360,2617945476,7.83467103069973
2621710360,12502535093,0.9271291446363553
2621710360,11535981941,22.907894342568028
2621710364,404025829,4.57684010520333
2621710364,2621710340,15.57540507339353
2621710364,2621710421,72.33378843496337
2621710364,12502535093,16.56005694542784
2621710375,1838278374,9.087481416875201
2621710375,2621710402,19.87768897858342
2621710375,2627422474,36.82576514489404
2621710375,2586023177,11.74800196080102
2621710402,11897592227,7.899483078347829
2621710402,2621710413,44.31639338710758
2621710402,2621710375,19.87768897858342
2621710403,2627422501,13.785380603936353
2621710411,2050938672,4.2485265977
2621710411,404025324,22.550840005102124
2621710411,1942197488,20.63615199603358
2621710413,2621710415,12.134549401240932
