u,v,length
27495897,7317218682,5.154187136623506
27495909,443532625,15.435177806520933
27495911,526540898,6.120630664331675
30341998,9284794286,6.2135322423197525
30341998,7726914238,6.451354099793344
30341998,7726914274,6.231149422944931
30341998,7726914258,5.661109651447578
30342043,401544444,8.735954966275228
30342044,30342159,118.30751953026463
30342044,7726914282,120.1486418541999
30342075,7726914282,7.548036575082253
30342075,7726914267,6.085372282698521
30342075,7726914249,7.298950567877455
30342075,9284799519,6.245381402750537
30342076,7726944478,8.977767871866108
30342093,9130940255,5.993184961187367
30342121,7726944421,8.333881585184468
30342126,401556494,6.3424060878727895
30342127,603252397,49.921193880881226
30342127,9214954288,46.242951149296886
30342159,9675139946,112.16000037953249
30342159,9674832716,36.5561364641739
30342159,30342044,118.30751953026463
30342160,7726963224,105.93880414769971
30342160,7726914267,113.06698007483165
30342160,9674832716,92.56299714995254
30342164,401558733,9.38376241105661
30342165,401544483,6.931231636422406
30342168,108810490,8.762784873546389
30342168,2003715672,21.741194533305276
30342168,1705398509,17.74320002626713
30342171,7434257094,13.083901085270163
30342171,32871499,48.62213914640446
30342171,35721491,24.257781287761098
30342207,32994060,13.376379345853064
30342207,401541069,62.9630480523639
30342207,7317219673,52.22817769666703
30342208,401541069,11.055678576829466
30362877,7426893331,6.746191004678712
30363095,401544713,28.30400985563803
30363095,30363952,25.504956074401296
30363095,9225759367,49.21891833070032
30363114,30363952,21.284157259746266
30363336,401544713,31.78049689724537
30363336,305090886,76.0722229744677
30363336,7281224183,34.13402954494033
30363952,30363095,25.5049560744013
30363952,30363114,21.284157259746266
30363952,401544713,13.21335781077142
31395374,401544485,6.561404014819746
31395383,7726944436,7.528135873562547
32871499,30342171,48.62213914640446
32871499,2003715649,13.327521299953279
32871499,1696386974,39.698448229491206
32993826,32993827,4.5420229327950565
32993826,7281137848,17.406740402155112
32993826,9301551838,30.222871417828827
32993827,32993826,4.5420229327950565
32993827,32993830,125.19039738878047
32993830,32993891,36.528145498964015
32993830,32993827,125.19039738878045
32993891,32993830,36.528145498964015
32993891,9225759367,10.427076292466186
32993911,401544577,70.85409527323436
32993913,10869486008,3.2096369897868122
32993913,108810980,51.242711776897124
32993913,401563995,4.998517407850948
32994060,30342207,13.376379345853064
33413527,7729537603,6.378982834561395
33413527,7729255016,278.70399512005457
33413527,401544444,221.5087748108608
33721047,526540892,6.162901524062972
34148128,305157987,23.403346024164847
34148128,34148129,44.19573290863319
34148128,7281191187,20.191948767293
34148129,34148130,32.27404075050433
34148129,35721491,11.834389831115361
34148129,34148128,44.19573290863319
34148129,7434257088,97.74740999958765
34148130,34148131,32.57586706711538
34148130,34148129,32.27404075050433
34148130,7281185752,34.26968972731635
34148130,305157987,12.792564426179998
34148131,34148130,32.57586706711538
34148131,9091240926,27.330962442473588
34148131,7281185752,43.880894811844286
34148131,108810488,39.2207485462299
34148132,401563972,6.022158300597511
34200190,8680578966,29.34146255827682
34200190,7281224176,33.02721780635981
34200190,97157791,175.78615589463894
34200201,7281232389,6.972774222432213
35721255,9580680007,6.483941729619628
35721263,7283492047,23.126202369304565
35721266,9580680008,6.750387592081549
35721358,9091240924,4.74911121104212
35721358,7281191205,31.15641468729496
35721358,35721359,20.838699991011644
35721358,7281191210,13.267758315174959
35721359,7281191210,16.540242105781157
35721359,35721358,20.838699991011644
35721359,35721360,25.410663926288585
35721360,1696386974,40.48807738043314
35721360,7281191196,19.86895622920868
35721360,35721359,25.41066392628858
35721488,7281185772,12.136285129792947
35721488,7281185752,39.17167498381491
35721488,108810490,23.106933696532426
35721488,9203643988,4.283434925748064
35721491,34148129,11.834389831115361
35721491,2003715655,16.54381986028332
35721491,30342171,24.2577812877611
35721514,387493501,43.862107742068126
35721514,7726963189,6.408635635781564
35721514,7726944421,116.39077927321752
97135135,10869486039,30.012615507023643
97135135,401558733,29.867852587553475
97135135,7434257102,4.812736941134725
97157791,4529259557,9.52884483485019
97157791,97157917,37.51354388210825
97157791,7383296701,37.43809670729841
97157791,34200190,175.78615589463897
97157917,7386262453,9.386714394048989
97157917,7386290320,4.529788045878903
97157917,97157791,37.51354388210825
97157922,7386290320,45.55775026148504
97175445,7726914256,5.539068894328207
97175445,7726914239,5.863362899821158
97175445,7726914237,5.886186485816559
97175445,7726914277,6.108105533449846
108805208,1696386976,10.375219400834666
108805208,9092632761,14.600090619430857
108805208,108805414,45.45096547246236
108805208,108805209,57.03105043031274
108805209,1705398648,24.450020302829703
108805209,401563960,26.392823972515604
108805209,108805208,57.03105043031274
108805414,401563966,42.628184730421545
108805414,108805208,45.45096547246236
108805414,7281261061,36.850875027521695
108805414,7281261061,30.071058317925086
108807639,6719106986,58.99294883246909
108807639,1553158939,28.922980721349884
108807639,7281272406,35.63831619360949
108807643,401558736,10.277598103803474
108807813,7281185758,5.490304304481067
108808195,6719078982,24.747782929132402
108808195,7281185783,10.430920849287208
108808195,7281207385,16.9794967624324
108808195,1553158939,15.823062419666991
108809977,9135958224,8.21093460557077
108809977,7281185759,42.67775794852922
108809977,6719078982,32.43360053151045
108809977,6719078984,14.346584633274487
108810488,401544500,62.89318494059613
108810488,7281272406,6.649508974728923
108810488,34148131,39.2207485462299
108810490,35721488,23.106933696532426
108810490,30342168,8.762784873546389
108810490,9203643986,32.71592350728558
108810970,305091193,6.290608544026957
108810970,9136490646,13.233714315253282
108810970,305091212,17.986627680814365
108810980,32993913,51.242711776897124
108810980,10869486039,92.34402479313734
108810980,401563990,4.788971252604368
305088290,9138728846,8.118424025348805
305088290,9138728849,19.959980244076604
305088290,9077669735,9.619550397939994
305088318,2418407371,16.16796151826799
305088318,7281185781,34.528305555635804
305088318,2418407372,54.9020423061467
305088949,9130940252,6.177271056853492
305090886,7281224172,46.17685196539939
305090886,443532632,41.06143406684521
305090886,30363336,76.07222297446772
305091170,9078219312,4.846401580580231
305091170,9203643986,62.60823424547735
305091170,2418407367,46.21966943424125
305091177,9078219312,24.0175561442679
305091177,305091212,37.09270864081971
305091177,305091206,19.666881197395135
305091177,305091200,18.404877879616123
305091177,1705398509,51.37562995813154
305091189,305091200,12.763871139249327
305091189,305091193,10.828973946159005
305091189,9078219312,19.064223598648617
305091193,108810970,6.290608544026957
305091193,305091206,16.96984661227579
305091193,305091189,10.828973946159005
305091200,305091206,5.335958506897088
305091200,9078219312,12.363426173746348
305091200,305091189,12.763871139249327
305091200,305091177,18.404877879616123
305091206,305091200,5.335958506897088
305091206,305091212,20.680592222344416
305091206,305091177,19.666881197395135
305091206,305091193,16.96984661227579
305091212,305091177,37.09270864081971
305091212,305091206,20.680592222344416
305091212,401563990,35.8219894012106
305091212,108810970,17.986627680814365
305091351,7726914244,5.147185826192959
305091352,9284657228,7.324314724525184
305091352,7726914244,34.77062269046304
305091352,9095033357,40.72417658002423
305091352,9284657215,44.86555248344885
305157987,34148130,12.792564426179998
305157987,34148128,23.403346024164847
305157987,305157992,13.420285366178794
305157992,305157987,13.420285366178794
387492710,7281308504,9.181227107474022
387492710,9130940232,32.5964348145953
387492710,9130940222,33.42120920411879
387493308,9279442289,30.485712593881523
387493308,7726944472,35.89810961333268
387493308,387493309,32.62468107386835
387493309,9666981600,1.7640947780846445
387493309,387493310,41.72289349580254
387493309,387493308,32.62468107386836
387493310,9667054881,24.620769346182353
387493310,387493309,41.72289349580254
387493310,7726944472,11.85894425126114
387493501,35721514,43.862107742068126
387493501,9279442292,12.037908834938367
387493501,9284657260,5.038740666369609
387494344,9284657260,44.38713909567752
387494344,9499866361,22.52305299510378
387494344,401544548,91.60579984630566
401541049,11840646469,12.86276557848717
401541049,2418408384,80.58472302530231
401541049,9316158945,68.59536793368882
401541050,650963259,51.34445109246859
401541050,401558732,20.093298217825733
401541050,401554664,121.00094113595024
401541055,10847857196,24.921626077168863
401541055,9191952704,34.342734743992146
401541055,9137925629,6.117494102472915
401541055,9077669735,26.056076549410747
401541069,30342208,11.055678576829466
401541069,30342207,62.96304805236391
401541069,7317219678,19.163781984003528
401544444,30342043,8.735954966275228
401544444,465188773,5.403109051159782
401544444,465188776,5.322062115750554
401544444,33413527,221.5087748108608
401544462,9153613544,6.791859175769864
401544462,9150433758,128.11678154589032
401544462,9150433758,16.50330439350143
401544462,9509376264,153.85008473374933
401544481,401544713,10.872457189724262
401544481,9863084879,53.21054383794121
401544481,9225759373,16.6200773892111
401544481,7317219683,73.14517341950527
401544482,9501939605,26.87899748797582
401544482,9301551835,15.630856761282296
401544482,401544666,15.77348398369026
401544483,30342165,6.931231636422406
401544483,401563988,5.448847377372646
401544483,401563994,6.021493051021708
401544483,10869486008,97.59359475819653
401544485,31395374,6.561404014819746
401544485,7283492067,29.111717911646295
401544485,7283492068,22.624140673936033
401544485,7283492062,130.97484909091932
401544493,7283492045,8.082615369073615
401544493,9580680008,28.68116217446545
401544493,401563985,14.979919112232
401544493,401544690,18.21240680209146
401544497,7281113884,16.277129145930136
401544497,642340485,68.36825466545554
401544497,7281191186,34.23633024063564
401544497,7281308536,14.244514862487428
401544500,108810488,62.89318494059613
401544500,7281207388,55.87712197022777
401544500,7317232969,19.43746028667709
401544500,9580679986,14.550665898096412
401544502,7281207388,15.167545227111177
401544502,7281207387,15.625758717374351
401544502,7281207386,13.2993354148837
401544502,7281308528,14.57419026666554
401544548,7726944438,5.883433987485318
401544548,387494344,91.60579984630564
401544548,7726944464,107.21594320162339
401544557,9130940239,14.422374352504729
401544557,7281308528,23.540651918054856
401544557,7281308530,9.322703395270624
401544560,9130940240,9.163629008475096
401544560,9130940243,12.476396278941234
401544560,9580679986,13.644029993368227
401544563,9091466875,52.848531139203494
401544563,7281308536,35.77242488683402
401544563,9130940245,21.138672007152362
401544577,7317219680,14.59321251935236
401544577,32993911,70.85409527323436
401544577,10847857191,94.46582419408621
401544580,7317219680,11.639403552682392
401544666,9284657285,7.379186213590006
401544666,9863762721,10.427311122221067
401544666,401544482,15.77348398369026
401544666,9863639915,34.93067655049165
401544677,7281272425,9.822528498294606
401544677,9509376271,21.25720307647008
401544677,10558709319,19.529443568958982
401544690,7364595043,5.598803707955557
401544690,401544493,18.21240680209146
401544690,642340466,55.57401782622612
401544690,7281272425,15.87570713233655
401544700,7364594970,48.217691420089814
401544700,7364594955,11.07820793409873
401544700,7364594975,36.047380955113134
401544713,30363095,28.30400985563803
401544713,401544481,10.872457189724262
401544713,30363336,31.78049689724537
401544713,30363952,13.21335781077142
401550382,401554666,11.614795166297045
401550382,401554670,6.614931150796612
401550382,401550387,18.051987199292977
401550382,10847857184,74.02302976553601
401550384,401554666,58.80786920977163
401550384,9558379605,35.4645391121334
401550384,9216707257,16.69825947765177
401550387,796572726,7.058448276018297
401550387,796572746,7.4069106688989494
401550387,9611785750,28.298490886905203
401550387,401550382,18.051987199292977
401552054,9611785750,24.49262885609893
401552054,796572745,7.765569159572622
401552054,796572716,6.098775571098074
401552054,9216707256,14.354080424633104
401554653,9115439730,5.115476483721432
401554653,7726944443,12.895987009728662
401554663,9140041331,5.697141297286088
401554664,9284563288,2.3251892998749213
401554664,401554669,12.034363640457515
401554664,401541050,121.00094113595023
401554665,10847857184,10.690562787579662
401554665,9558379605,14.00381312083799
401554665,9284563312,15.194937189721706
401554665,9558379608,10.87490892014181
401554666,401550382,11.614795166297045
401554666,9558379601,24.44326789067383
401554666,401550384,58.807869209771624
401554669,2418412277,42.087863449047
401554669,401554670,84.43947979664641
401554669,10847857184,9.565688243225607
401554669,401554664,12.034363640457515
401554670,401554669,84.43947979664641
401554670,401550382,6.614931150796612
401554670,796572726,18.043783135902057
401556469,9284563308,35.49540063769281
401556469,9284563306,19.14673652434579
401556469,9316158947,18.863967938548623
401556469,9316158945,3.648705151595366
401556470,401556471,7.872402939049212
401556470,2418408412,65.05231892006711
401556470,9316158947,96.35994418623397
401556471,401556472,6.915361837749741
401556471,401556470,7.872402939049212
401556471,2418408414,64.90326913220939
401556471,650965668,12.189031928172355
401556472,401556471,6.915361837749741
401556472,401556473,73.21665201847568
401556472,9241415677,90.62337215302898
401556473,9611722170,34.22555094284073
401556473,401556472,73.21665201847568
401556473,6240010801,11.967068113791937
401556473,9284657122,12.061323914137109
401556493,401556494,8.00623933946705
401556493,9284657122,11.828948428735906
401556493,9214954293,61.46886741572444
401556494,9214954288,62.59604577362217
401556494,30342126,6.3424060878727895
401556494,401556493,8.00623933946705
401556494,6240010801,5.243947679687677
401556495,650965668,9.252309288714477
401556495,9284657208,34.957136852943385
401556495,6240010801,70.56814167581197
401558732,401541050,20.093298217825733
401558732,9191952704,158.89108148578433
401558732,401563993,73.9922859282835
401558732,9277894615,13.426692525977174
401558733,97135135,29.867852587553475
401558733,30342164,9.38376241105661
401558733,401563993,6.062424956438194
401558733,401563992,6.32550693299627
401558735,7281185766,25.98457279484276
401558735,401558736,63.980371563288585
401558735,6719078983,38.88500241504156
401558736,108807643,10.277598103803474
401558736,401558735,63.980371563288585
401558736,7281207385,71.00390193371216
401558736,401558737,53.37594008908864
401558737,401558736,53.37594008908864
401558737,9578090962,15.335922806447485
401558737,7281207386,90.51150099091828
401558737,9578090961,22.63544055464734
401558737,7726944468,19.579414657131633
401563900,7281272446,140.61633276729776
401563900,7281272435,57.631200183993265
401563900,401563903,10.819178122966019
401563901,10558709325,31.92008618387631
401563901,401563902,14.520173475282494
401563901,7281272435,55.965674281911035
401563902,401563903,113.51681365255085
401563902,9604207816,85.78854717610484
401563902,401563901,14.520173475282494
401563903,401563900,10.819178122966019
401563903,401563902,113.51681365255085
401563903,401563942,88.30071406328693
401563907,7364595104,52.65307977779335
401563907,7364595096,10.659110638710564
401563907,7426887537,12.563442642729745
401563920,401563923,51.657678912228796
401563920,7729537616,124.06943679946187
401563920,7726944480,15.048549483228731
401563920,7726944482,17.104884113779157
401563923,9670486797,6.311907173890355
401563923,2418412218,142.48709536099375
401563923,401563934,213.52530086751236
401563923,401563920,51.6576789122288
401563934,401563923,213.52530086751233
401563934,642336704,20.450152588458806
401563934,9674832715,92.0705009405767
401563938,7426893331,90.65019206599702
401563938,7364594835,21.827891684763202
401563938,10565355997,90.53503069959008
401563941,7364594797,28.65804197845516
401563941,9509376281,2.9139634346371666
401563941,401563942,12.49657281036911
401563942,9604207816,110.2195162044524
401563942,401563941,12.49657281036911
401563942,401563903,88.30071406328693
401563945,401563947,66.71167886358967
401563945,7364594970,43.0911573235434
401563945,9604207816,17.158236391769165
401563947,7364594936,31.0014013780418
401563947,401563945,66.71167886358967
401563947,7426887537,32.52873065591904
401563951,6246290996,36.31337879917748
401563951,7364594945,32.80523639400482
401563951,7364594936,71.56744257590708
401563953,7281261049,15.466531835626329
401563953,7364594945,21.139192412663878
401563953,7364594946,18.85246697118924
401563959,642340478,21.4025262690457
401563959,642340466,20.99496652750135
401563959,7281308536,37.67579815491547
401563960,108805209,26.392823972515608
401563966,9130940255,13.1789914145757
401563966,108805414,42.628184730421545
401563966,9130940252,11.063219207024158
401563969,9130954359,8.044091540475456
401563969,9130954359,12.276513724847671
401563969,401563972,68.96270678061504
401563969,401563972,52.85674434414492
401563972,34148132,6.022158300597511
401563972,7364595104,4.973398214839343
401563972,401563969,68.96270678061504
401563972,401563969,52.85674434414492
401563980,7281224179,13.228974095888253
401563980,10558709315,10.538971898066961
401563980,10558709318,12.577520488551775
401563981,526540892,30.845837185361674
401563981,401563985,42.6814306425734
401563981,7317212023,36.061508295596255
401563985,401563981,42.6814306425734
401563985,7281272425,18.862294263378246
401563985,7364594963,22.779472116810844
401563985,401544493,14.979919112232
401563988,7281191189,3.288398575287283
401563988,401544483,5.448847377372646
401563988,7283492068,14.17389718705708
401563989,7281191189,93.57444866264348
401563989,401563990,56.04672519381629
401563989,7281191197,12.307049484896464
401563989,10869486008,4.7895583102360035
401563990,108810980,4.788971252604368
401563990,401563989,56.04672519381629
401563990,9136490649,37.916018604295004
401563990,305091212,35.8219894012106
401563992,401558733,6.32550693299627
401563992,7434257102,30.909630536026064
401563992,7281185778,36.91341904166663
401563993,401558733,6.062424956438194
401563993,10869486041,59.42810359603029
401563993,401558732,73.9922859282835
401563994,401544483,6.021493051021708
401563994,9501939602,29.374458333864144
401563994,401563995,100.52931769094921
401563995,9137925631,92.61882436367486
401563995,401563994,100.52931769094921
401563995,9138728846,32.769234236605435
401563995,32993913,4.998517407850948
443532617,7386290361,99.36676643247091
443532617,443532619,11.199411733033717
443532617,11453499809,15.192628258948316
443532619,443532617,11.199411733033717
443532619,443532621,14.951164756184951
443532619,443532623,13.20462247575562
443532621,443532619,14.951164756184951
443532623,443532619,13.20462247575562
443532625,7281232868,14.909995114605072
443532625,7281232869,15.75736781779487
443532625,9863084829,16.866040113389076
443532625,27495909,15.435177806520933
443532632,7281232389,36.62899062277931
443532632,443536021,66.11637953148968
443532632,305090886,41.06143406684521
443536021,443532632,66.11637953148968
443536021,7383296701,154.1430383132295
443536021,7383296692,21.418927501131847
465090740,9668510470,12.906382701704956
465090740,9667200301,5.210997813210122
465090740,9667200301,19.828435618917176
465090740,465101889,25.98411950030895
465090749,465101887,30.92823225392103
465090749,7281272389,11.472667277378378
465090749,9667203266,13.46816484656313
465090751,7281272389,10.483693905375423
465090751,465103469,78.06463500264532
465090751,2418403626,82.29521744904235
465090760,9127297634,4.049584308923701
465090760,465103469,21.704255692517787
465090760,9600731932,30.801176563833977
465090763,9110966464,7.591622089827237
465090764,7281264465,7.8444166843787
465090764,7281308518,11.493250707515804
465090764,7281308515,14.996291183034357
465090764,465090784,5.713810952336296
465090767,9130940236,4.2154567656826485
465090767,7281308510,7.283386947416325
465090767,7281308518,43.18535175274975
465090768,465090770,32.446196013582885
465090770,7281308518,36.21109758299249
465090770,9127297634,15.88382530398234
465090770,465090781,3.4662808942580825
465090770,465090768,32.446196013582885
465090772,9668510469,2.826359735121368
465090781,465090770,3.4662808942580825
465090784,465090764,5.713810952336296
465090787,9668510465,3.243442880601916
465101884,9668207360,5.754279846223016
465101884,9667202062,6.7789190808219
465101884,9668207358,13.665070035956482
465101884,9130954372,48.420090296238754
465101885,465101887,46.65436507140865
465101885,7281264458,3.8850049655916323
465101885,465101886,11.666445290528314
465101886,465101885,11.666445290528314
465101887,465090749,30.92823225392103
465101887,465101885,46.65436507140865
465101887,465101888,11.219684730062186
465101888,465101887,11.219684730062186
465101889,7281264458,25.131531691258182
465101889,465090740,25.98411950030895
465101889,7281264466,21.809223343819756
465103469,465090760,21.704255692517783
465103469,465090751,78.06463500264532
465103469,7281272395,41.03571142098298
465188773,7729537618,216.13861853146332
465188773,401544444,5.403109051159782
465188776,401544444,5.322062115750554
465188776,9509376281,112.45398317460878
465188776,642336684,226.91582139920234
470094897,9667200301,11.305901749070472
470094897,7281264447,42.40864258611392
470094897,9667200300,12.884498724828775
470094897,9667200300,13.023315224248982
526540892,33721047,6.162901524062972
526540892,7317212047,3.394786411142195
526540892,6492039826,49.636755099204684
526540892,401563981,30.845837185361674
526540898,27495911,6.120630664331675
526540898,7393223948,64.5256774062464
526540898,7317212041,5.74019984963023
526540898,9150433773,49.813588939895936
603252397,9115439730,37.420001377041345
603252397,30342127,49.921193880881226
603252397,9115439729,4.670200313166191
642336684,465188776,226.91582139920234
642336684,7729537614,24.743236702143165
642336684,7364594842,57.88388572461703
642336704,7364594837,25.76324078737853
642336704,7364594835,8.802805316156398
642336704,7426887535,6.216472513916305
642336704,7364595096,23.41544219382276
642336704,401563934,20.450152588458806
642340466,642340478,27.948041283010998
642340466,401544690,55.57401782622612
642340466,401563959,20.99496652750135
642340478,642340466,27.948041283010998
642340478,401563959,21.4025262690457
642340478,3280440276,63.75643452916445
642340485,401544497,68.36825466545554
642340485,7283492045,34.43800335944953
642340485,7283492046,40.06826979502931
650963259,11840646469,25.222664729401895
650963259,6240010793,62.32091864329237
650963259,401541050,51.34445109246859
650965668,9140041331,7.817700618505162
650965668,401556495,9.252309288714477
650965668,9284657200,5.921800510625605
650965668,401556471,12.189031928172355
655446916,7317232919,14.876315329880164
655446916,9863084879,26.50068528801345
655446916,7317232928,73.6185710315467
796572716,401552054,6.098775571098074
796572716,796572722,14.559846735383019
796572716,796572726,53.812945615966846
796572722,9216707256,5.950911611437621
796572722,796572716,14.559846735383019
796572726,401550387,7.058448276018297
796572726,401554670,18.043783135902057
796572726,796572716,53.812945615966846
796572745,401552054,7.765569159572622
796572745,9611785749,24.070600484022883
796572745,9216707260,91.58847754371159
796572745,9216707255,14.07900242873978
796572746,401550387,7.4069106688989494
796572746,9216707257,78.77503906492663
796572746,9611785749,28.332124459702154
1327029793,7383296692,23.92216045950625
1553158939,6719106988,38.22363441831022
1553158939,7281207389,6.807475026499659
1553158939,108808195,15.823062419666991
1553158939,108807639,28.922980721349884
1696386971,7364595033,5.329723707013771
1696386971,7364594957,6.490900637530054
1696386971,7364595035,11.269551818653511
1696386971,3280440272,31.18836882683405
1696386973,9130954359,19.94167596341548
1696386973,7281261064,9.411516313263236
1696386973,7281261062,29.1190691641892
1696386974,32871499,39.698448229491206
1696386974,7281191194,49.99629711506547
1696386974,35721360,40.48807738043314
1696386974,7281191210,31.02279136871286
1696386976,9091466875,18.989446014556883
1696386976,108805208,10.375219400834666
1696386976,7281272403,10.763872863293864
1705398509,7281191205,2.9876314168433553
1705398509,305091177,51.37562995813154
1705398509,9203643986,48.99037988211735
1705398509,30342168,17.74320002626713
1705398648,108805209,24.450020302829703
1720958476,7281185768,32.194747928433685
2003715649,7434257094,6.366666754135813
2003715649,32871499,13.327521299953279
2003715649,7281191210,28.508423902449525
2003715655,7281185750,26.777488153589
2003715655,35721491,16.54381986028332
2003715655,2003715672,41.23025191623232
2003715672,7281185750,28.16759480833366
2003715672,2003715655,41.23025191623232
2003715672,30342168,21.741194533305272
2164610677,2164610681,5.614190885772749
2164610681,9095033356,11.172950861644887
2164610681,2164610677,5.614190885772749
2164610681,9095033357,28.59164434284816
2418403626,7281272395,4.423603108903755
2418403626,465090751,82.29521744904235
2418403626,9130940246,12.669606803748097
2418403626,9668207361,85.51084161569386
2418403630,2418403632,18.00547492867603
2418403630,2418403631,63.04645780413709
2418403630,2418403631,98.09587584148224
2418403631,2418403633,17.672332552261764
2418403631,2418403630,63.04645780413709
2418403631,2418403630,98.09587584148227
2418403632,2418403630,18.00547492867603
2418403632,2418403633,62.82494351917189
2418403632,9130954372,13.053304074536708
2418403632,2418403634,18.887262851395533
2418403633,2418403636,18.728572183583935
2418403633,2418403631,17.672332552261764
2418403633,2418403632,62.82494351917189
2418403634,2418403637,19.372938437648724
2418403634,2418403636,59.72559939792132
2418403634,2418403632,18.887262851395533
2418403636,2418403638,18.544351037809463
2418403636,2418403633,18.728572183583935
2418403636,2418403634,59.72559939792132
2418403637,2418403634,19.372938437648724
2418403637,2418403638,54.14228808128263
2418403637,2418403639,19.081560085856097
2418403638,2418403636,18.544351037809463
2418403638,2418403637,54.14228808128263
2418403638,2418403639,65.38411929806793
2418403639,2418403637,19.081560085856097
2418403639,7281264447,23.51924012612617
2418403639,2418403638,65.38411929806793
2418407366,10872199001,3.5089307727310652
2418407367,10872199001,39.48511239647892
2418407367,2418407370,15.923855678142527
2418407367,305091170,46.21966943424124
2418407370,2418407372,20.07102261258225
2418407370,2418407367,15.923855678142527
2418407370,2418407371,58.816496723124224
2418407371,2418407372,39.07089048047242
2418407371,305088318,16.16796151826799
2418407371,2418407370,58.816496723124224
2418407372,2418407371,39.07089048047242
2418407372,2418407370,20.07102261258225
2418407372,305088318,54.9020423061467
2418408381,6240010793,7.02096243625863
2418408384,6240010793,16.173225453780685
2418408384,2418408388,17.580611326390446
2418408384,401541049,80.58472302530231
2418408388,9239110874,8.461871704770887
2418408388,9239110876,26.528435516890823
2418408388,2418408398,18.36226602077528
2418408388,2418408384,17.580611326390446
2418408392,2418408400,16.852119180025422
2418408396,2418408398,17.400679848562373
2418408398,2418408403,36.09121932908435
2418408398,2418408396,17.400679848562373
2418408398,2418408408,18.50765993924291
2418408398,2418408388,18.36226602077528
2418408400,2418408410,15.484221703853724
2418408400,6240010795,24.347405835674813
2418408400,2418408392,16.852119180025422
2418408403,2418408398,36.09121932908435
2418408405,2418408408,37.33409287932556
2418408408,2418408405,37.33409287932556
2418408408,11840636123,45.39851056824819
2418408408,2418408398,18.50765993924291
2418408410,11840636123,6.946243002594391
2418408410,2418408400,15.484221703853724
2418408410,2418408412,11.61067082640609
2418408412,2418408410,11.61067082640609
2418408412,2418408414,4.585918974775834
2418408412,9284563288,90.70291607076531
2418408412,401556470,65.0523189200671
2418408414,9241415675,24.84814667242938
2418408414,2418408412,4.585918974775834
2418408414,401556471,64.90326913220939
2418408530,7281261050,3.2883041496139445
2418408530,2418408531,13.845505659225465
2418408530,7281261052,32.808378906866864
2418408531,2418408530,13.845505659225465
2418408531,7281261052,28.60577910271312
2418408531,7281261049,23.573166651053942
2418412218,10728059758,47.08864673411859
2418412218,10728059757,20.340630189466985
2418412218,401563923,142.48709536099375
2418412274,2418412276,11.810127586057382
2418412275,2418412277,14.001571313573937
2418412275,7317218696,17.061144077479106
2418412275,2418412276,15.635373562412994
2418412276,9216707276,2.3125821619819065
2418412276,2418412274,11.810127586057382
2418412276,2418412275,15.635373562412994
2418412276,2418412277,23.10477068830687
2418412277,401554669,42.087863449047
2418412277,2418412275,14.001571313573937
2418412277,2418412276,23.10477068830687
3280440265,7364594955,36.420265571170646
3280440265,7364594977,33.64978577813854
3280440265,3280440275,5.767313215134577
3280440265,3280440266,37.726382532549906
3280440266,3280440267,19.026291993019242
3280440266,3280440265,37.726382532549906
3280440266,3280440269,58.67713471643024
3280440267,3280440266,19.026291993019242
3280440269,7281261048,38.967985648296064
3280440269,3280440274,36.01331820384356
3280440269,3280440266,58.67713471643023
3280440272,7364595042,17.047540728045114
3280440272,7364595034,13.565435555331604
3280440272,1696386971,31.18836882683405
3280440274,7364595034,10.963117519806437
3280440274,7281261048,30.632417224575008
3280440274,3280440269,36.01331820384356
3280440275,3280440265,5.767313215134577
3280440276,642340478,63.75643452916445
3280440276,7281261052,22.12374827008052
3280440276,7281261048,29.372895645188425
4529259557,97157791,9.52884483485019
6154665652,7364595038,8.90832833399185
6154665783,7281191202,7.195320326686733
6154665794,9684443687,6.367799181788891
6154665864,7281191185,23.954919360120282
6240010793,2418408381,7.02096243625863
6240010793,2418408384,16.173225453780685
6240010793,650963259,62.32091864329238
6240010795,2418408400,24.347405835674813
6240010801,401556494,5.243947679687677
6240010801,9095033355,110.19112436255355
6240010801,401556473,11.967068113791937
6240010801,401556495,70.56814167581197
6246290996,401563951,36.31337879917748
6246290996,7364595064,4.527766559914547
6246290996,7364594943,50.60436141121435
6492039826,9150433773,49.19413247471683
6492039826,526540892,49.63675509920468
6492039826,7317212023,27.371456435778
6492068562,6492068566,4.98495433740707
6492068565,6492068567,5.136044937779906
6492068566,6492068562,4.98495433740707
6492068566,6492068567,32.76919989273797
6492068566,6492068567,83.81999495346244
6492068566,10558709318,36.39302072176709
6492068567,6492068565,5.136044937779906
6492068567,7317212023,18.503109013583465
6492068567,6492068566,32.76919989273797
6492068567,6492068566,83.81999495346244
6719078982,108808195,24.747782929132402
6719078982,108809977,32.43360053151045
6719078982,6719078983,53.69372503546933
6719078982,7281207389,22.417254986993058
6719078983,9135958220,27.61026699830028
6719078983,401558735,38.88500241504156
6719078983,6719078984,28.043654809525563
6719078983,6719078982,53.693725035469335
6719078984,7281185760,42.27886109371403
6719078984,6719078983,28.043654809525563
6719078984,108809977,14.346584633274485
6719106985,7281185760,5.115519582813538
6719106986,10872199002,23.059628670975712
6719106986,7281185757,16.059276491666424
6719106986,108807639,58.9929488324691
6719106988,7281207387,7.290909448342421
6719106988,1553158939,38.22363441831022
6719106988,7281207388,27.50182061578723
6719106988,7281185783,33.71516763803352
7281113884,7317232960,29.92270312469753
7281113884,401544497,16.277129145930136
7281113884,9140797381,13.572330830423445
7281137848,32993826,17.406740402155112
7281185750,7281185752,1.896461040821241
7281185750,2003715655,26.777488153589
7281185750,2003715672,28.16759480833366
7281185752,34148130,34.26968972731635
7281185752,34148131,43.880894811844286
7281185752,7281185750,1.896461040821241
7281185752,35721488,39.17167498381491
7281185754,7281185757,14.09087070882861
7281185754,7281185755,9.79479189841701
7281185754,9135958224,10.088962007755963
7281185755,7281185754,9.79479189841701
7281185755,9135958229,16.400613210281723
7281185755,7281185757,23.853785801725927
7281185757,7281185754,14.09087070882861
7281185757,6719106986,16.059276491666424
7281185757,7281185755,23.853785801725927
7281185758,7281185771,7.131876795858463
7281185758,108807813,5.490304304481067
7281185758,10845023470,22.839826015811692
7281185759,10845023470,29.633962231781915
7281185759,7281185760,12.465399273602412
7281185759,108809977,42.67775794852922
7281185760,6719078984,42.27886109371403
7281185760,6719106985,5.115519582813538
7281185760,7281185759,12.465399273602412
7281185760,7281185763,53.66619029308812
7281185763,7281185764,3.8803962682792323
7281185763,7281185765,7.806147207528065
7281185763,7281185760,53.66619029308812
7281185764,7281185763,3.8803962682792323
7281185765,7281185763,7.806147207528065
7281185765,7281185766,10.378873991037613
7281185765,9550828466,7.9639425545916165
7281185765,9550828468,5.6493680292348
7281185766,7281185765,10.378873991037613
7281185766,9550828468,11.24469068614312
7281185766,401558735,25.98457279484276
7281185767,7281185768,31.90756293633877
7281185767,9284563308,4.600852841071168
7281185767,9550828468,30.452611330966228
7281185768,7281185767,31.90756293633877
7281185768,9136490645,64.12891553378242
7281185768,1720958476,32.19474792843368
7281185770,9203643986,7.150970107854165
7281185770,7281185772,10.494413052124134
7281185770,7281185773,12.56383002972036
7281185771,7281185758,7.131876795858463
7281185771,7281185773,15.527187825814298
7281185771,10872199002,10.114859610401304
7281185772,7281185770,10.494413052124134
7281185772,35721488,12.136285129792947
7281185772,7281185773,15.489493933790396
7281185773,7281185771,15.527187825814298
7281185773,7281185772,15.489493933790396
7281185773,7281185770,12.56383002972036
7281185778,9284563306,38.99000507043439
7281185778,7281185781,53.202145343764926
7281185778,401563992,36.91341904166663
7281185781,7434257102,5.285287198064561
7281185781,305088318,34.528305555635804
7281185781,7281185778,53.20214534376492
7281185783,108808195,10.430920849287208
7281185783,6719106988,33.71516763803352
7281185783,7281207385,20.09185081740278
7281191185,6154665864,23.954919360120282
7281191185,7317232964,1.3864745779014307
7281191185,7281191186,16.38654800073307
7281191186,7281191185,16.38654800073307
7281191186,7283492075,13.831740568730758
7281191186,401544497,34.23633024063564
7281191187,7283492075,7.684017250969606
7281191187,7281191188,13.091163564129324
7281191187,34148128,20.191948767293
7281191188,7281191187,13.091163564129324
7281191189,401563988,3.288398575287283
7281191189,401563989,93.57444866264348
7281191189,7283492069,45.03484783157359
7281191193,7281191196,29.541372042404767
7281191193,7281191197,38.489599121551706
7281191193,7281191194,41.19534627583335
7281191194,7283492067,4.0230217570137246
7281191194,1696386974,49.99629711506547
7281191194,7281191193,41.19534627583335
7281191196,35721360,19.86895622920868
7281191196,7281191193,29.541372042404767
7281191196,7434257112,27.52649658917908
7281191196,7281191203,27.80212368501423
7281191196,7281191197,32.10607475856025
7281191197,401563989,12.307049484896464
7281191197,7281191193,38.489599121551706
7281191197,7281191196,32.10607475856025
7281191201,7434257112,14.923776064590385
7281191202,7281191203,8.588890929871694
7281191202,7281191208,2.7049590203784004
7281191202,6154665783,7.195320326686733
7281191203,7281191202,8.588890929871694
7281191203,7281191196,27.80212368501423
7281191203,9684443687,19.27053527642458
7281191205,7281191206,26.01564507002639
7281191205,35721358,31.15641468729496
7281191205,1705398509,2.9876314168433553
7281191206,7281191208,15.469159419488113
7281191206,7281191205,26.01564507002639
7281191206,7281191207,10.946283214462838
7281191207,7281191208,10.269508715444458
7281191207,7281191206,10.946283214462838
7281191207,7281191209,6.7035406951893775
7281191208,7281191202,2.7049590203784004
7281191208,7281191206,15.469159419488113
7281191208,7281191207,10.269508715444458
7281191209,7281191207,6.7035406951893775
7281191210,35721359,16.540242105781157
7281191210,2003715649,28.508423902449525
7281191210,35721358,13.267758315174959
7281191210,1696386974,31.02279136871286
7281207385,108808195,16.9794967624324
7281207385,7281185783,20.09185081740278
7281207385,401558736,71.00390193371214
7281207386,7281207387,20.5123528909077
7281207386,401544502,13.2993354148837
7281207386,401558737,90.51150099091828
7281207387,401544502,15.625758717374351
7281207387,6719106988,7.290909448342421
7281207387,7281207386,20.5123528909077
7281207388,401544502,15.167545227111177
7281207388,6719106988,27.50182061578723
7281207388,401544500,55.87712197022777
7281207389,1553158939,6.807475026499659
7281207389,9135958229,30.74182427564116
7281207389,6719078982,22.417254986993058
7281207391,7281272406,30.37457200314231
7281207391,7281207392,11.008359429457629
7281207391,9203643988,51.81443779582238
7281207392,7281207391,11.008359429457629
7281217940,7364594797,22.032691352660667
7281217940,7281217942,39.58909579754475
7281217940,10565355993,14.78593769898371
7281217942,7281217940,39.58909579754475
7281217942,10565355994,25.04767427650283
7281217942,7426893331,29.164149538202167
7281224165,7281224172,121.60238755729898
7281224165,7383296701,50.36744724447793
7281224165,7383296703,16.3336628877664
7281224172,7383296692,8.095632383501702
7281224172,305090886,46.17685196539939
7281224172,7281224165,121.60238755729898
7281224176,8680578966,43.10672877273562
7281224176,34200190,33.02721780635981
7281224176,9863084865,146.56242442390587
7281224178,8680578966,29.318622850486477
7281224178,9509376266,17.53670481240389
7281224178,7281224179,13.976080594508977
7281224179,7281272446,104.07555707596931
7281224179,7281224178,13.976080594508977
7281224179,401563980,13.228974095888253
7281224183,30363336,34.13402954494034
7281224183,7281232389,70.22691458039192
7281232389,34200201,6.972774222432213
7281232389,443532632,36.62899062277932
7281232389,7281224183,70.22691458039192
7281232851,7281232865,3.4317044174689477
7281232851,11453499809,72.8166347222533
7281232865,7281232851,3.4317044174689477
7281232865,7281232866,21.12494782038332
7281232866,7281232865,21.12494782038332
7281232868,9863084865,33.805185547460034
7281232868,11453456713,12.25634779455615
7281232868,443532625,14.909995114605072
7281232869,11453456713,5.433196341356458
7281232869,7386290360,58.36997127766367
7281232869,443532625,15.75736781779487
7281261048,3280440274,30.632417224575008
7281261048,3280440276,29.372895645188425
7281261048,3280440269,38.967985648296064
7281261049,401563953,15.466531835626329
7281261049,7281261050,23.059218008738842
7281261049,2418408531,23.573166651053942
7281261050,2418408530,3.2883041496139445
7281261050,7281261049,23.059218008738842
7281261050,7364594950,6.121132106147611
7281261052,3280440276,22.12374827008052
7281261052,2418408531,28.60577910271312
7281261052,2418408530,32.808378906866864
7281261061,9130940255,27.564920880264047
7281261061,108805414,36.850875027521695
7281261061,108805414,30.071058317925086
7281261061,7281261062,3.5452295414290704
7281261062,7281261063,25.725810611574417
7281261062,7281261061,3.5452295414290704
