u,v,length
20979755,60052065,50.482450843264466
26240542,394499178,11.829716560706288
29603223,3700457881,15.096193618645836
29603223,12003523110,13.114154781769765
29603223,394500548,12.303017575661709
29603223,12003523109,13.365881735559675
29603436,393552034,10.070749183187445
29604999,773495394,7.264860199932544
29605004,391169143,12.731247641318474
29605013,769486905,7.9352429150122346
29605014,769486905,79.08020917949064
29688406,400708678,8.44536258657321
29689064,400990535,8.110454983580038
29689090,394507699,7.471531921755184
29689119,13707173697,6.5218871765834825
29689119,13707173695,5.580606855734653
29689119,11413550589,4.9658434214896365
29689667,266582324,28.423903256030705
29689667,2014631979,24.180526249554905
29689667,266582321,26.42948045715231
32759949,394507703,7.110020775143537
34404231,412354778,8.542168858086981
36607342,50899680,23.09486969909971
36607360,391169143,11.935292521612114
42606687,6283001325,4.586277793484173
42606695,6283001324,4.709588094533095
42606787,391169146,9.430721633204955
42606791,391169146,9.890109059973131
42606855,6378801416,13.42888091065297
42606855,6378801417,6.87384368854049
42606855,6994226902,13.634035168863353
42606884,2427129313,45.02204152756992
42606884,394499179,89.7139643624614
42606884,8435073794,28.815148811021075
42606888,394506455,8.80348310020778
50897901,1721865756,38.60216905623396
50897901,60052065,74.92697975917591
50897901,1721865897,22.861895329887084
50899620,50899680,21.467951146927355
50899680,50899717,56.23761320453693
50899680,36607342,23.09486969909971
50899680,50899620,21.467951146927355
50899717,50899680,56.23761320453693
50899717,2179128302,8.940978950211013
50899717,1721865756,27.267118325322357
50899717,2485321566,121.00157422982119
52922360,2457608793,4.416822059166179
53542435,391170480,53.52666180701171
60032757,400708678,11.916083212668077
60052038,9295001674,50.304517476896734
60052038,60052049,26.21521068754583
60052038,60052050,27.646439611043746
60052038,9295001644,12.501548305595433
60052048,60052049,10.583958143847719
60052048,389677926,18.498185526620773
60052048,13482439814,4.835262271717141
60052048,9295001674,66.85942708399678
60052049,60052048,10.583958143847719
60052049,60052050,28.5668798864264
60052049,60052038,26.21521068754583
60052049,389677927,21.030250238422795
60052050,417737948,5.552534943689744
60052050,60052049,28.5668798864264
60052050,60052038,27.646439611043746
60052050,389677937,12.358241565722784
60052050,389677928,34.72424056559822
60052054,9295001519,3.0374265693205915
60052054,1721865349,5.639662251299212
60052054,2129327636,19.871584388296007
60052061,389678275,7.820549058393955
60052065,1252845689,37.1430693096287
60052065,50897901,74.92697975917591
60052065,20979755,50.48245084326447
85058607,8709768330,5.917908070243761
87486205,391169147,9.871827577129281
87486207,391169147,9.373236781975308
95378334,400979103,11.523510953626346
95380046,391186799,7.625366889700184
95380051,390543739,7.485615776138088
118410163,391170479,9.535626446429212
118411313,3712850184,61.94366378037627
123359419,1721792834,16.061408384593214
123360260,123360265,31.257034308276072
123360260,1721792844,18.91490578664275
123360260,1721792872,20.13030192437254
123360265,1721792796,13.07020498558983
123360265,1721792705,15.077636602303752
123360265,1721792728,7.185368326806154
123360265,123360260,31.257034308276072
211893012,11070281103,7.922570487559396
211893022,394499182,8.659008509565155
213274739,394500558,10.007486301033039
246692484,394500533,9.332337350521076
246693686,13230632133,8.282618426450634
246696320,13230632150,13.817937169298238
253433631,6901457342,11.894023532914288
253939672,2427129313,5.8397889034183414
260707894,700645346,8.257560921756056
260707895,700645347,8.415437572952573
266582321,7944724944,15.722235837438536
266582321,3597536027,23.00480132507359
266582321,29689667,26.42948045715231
266582324,29689667,28.423903256030705
266582324,266582326,65.9924442396792
266582324,13298409937,25.690997150291935
266582326,266582324,65.9924442396792
266582326,3597536027,42.03641708499722
266582326,394499193,125.00632466624342
280889412,394500539,7.825685659070121
281361637,1975854213,10.540495250276752
281361650,281361655,38.19073163186447
281361650,281361656,15.394387841421377
281361650,3936418358,2.404334619671956
281361654,281361657,45.515416812276754
281361654,1975854213,2.718806050274212
281361654,281361656,55.793720405689726
281361655,281361650,38.19073163186447
281361655,394506513,27.10557222906128
281361655,281361656,44.28778971211377
281361655,8253835710,25.987153188473833
281361656,13676172022,26.56686335216167
281361656,281361650,15.394387841421377
281361656,281361655,44.28778971211377
281361656,281361654,55.793720405689726
281361657,286054288,44.84457792427854
281361657,281361654,45.515416812276754
281361657,13676172022,20.884334582410652
281361740,538166033,8.227469032338371
281361741,11209519152,5.133035411355261
281361741,11070281103,150.3511109424428
281361741,394499182,30.54025005119873
281361979,8709768325,6.203389113905784
281660610,8709742855,17.367460513748195
281660610,3932115354,43.59634481861909
281660610,524141352,66.94369738513555
281662536,538166529,20.366111921578067
281670312,700645317,9.39153236508009
281671734,13375225839,38.6487901212541
281671734,13278904813,72.34647824658356
281671734,769507584,3.2769014260247196
281672004,391170480,12.081012728578312
286054288,1975716240,14.729390943839515
286054288,281361657,44.84457792427854
286054288,6567974557,23.89861861420945
286054308,1975716237,16.057365842544343
286054308,1975716236,22.07324740569947
286054309,6567974548,7.476208635986493
286054309,1975716237,18.419436201211575
286054434,1975854099,87.80039089372202
286054434,394507703,3.237110640803423
286268354,394502506,5.097054431630202
286268413,3081114197,7.3380645378860265
295265834,580005389,5.873222048965211
303255353,391175824,10.284533811919083
306724439,2086287340,11.435673218794314
306724442,3712844691,8.333706548949742
306724443,2086287325,19.771298831059294
306724443,391175203,55.47887873209682
306724443,3705237876,47.57099004066244
306724444,391175203,2.759310641095379
338824368,702243286,4.716248722327753
344474250,1623076107,6.957783316222242
344476324,4675716276,31.339194168662
344477312,394508600,9.272527314657513
344543678,566834630,8.948349559128447
344543682,757452508,4.070562784910281
356321317,13230632133,7.579547158484801
356321326,394502524,6.6129512594923
356321357,356321364,8.142855505764603
356321357,394502524,32.009064946886795
356321357,394502524,44.14716972243875
356321357,394502525,19.56555053885872
356321364,356321357,8.142855505764603
356321371,394502522,7.265695716518349
356321424,394502522,33.196396448065336
356321424,1258687745,9.90834096331662
356321424,1271641004,13.110267129264502
371812129,13305245533,10.580196459874584
371812129,13305245532,10.106794038177956
371812129,391008072,77.08803110901789
389677926,60052048,18.498185526620773
389677926,389677927,1.6323789279490382
389677927,60052049,21.030250238422795
389677927,389677926,1.6323789279490382
389677927,389677928,9.469364370767236
389677928,389677927,9.469364370767236
389677928,389677934,36.671324974594576
389677928,60052050,34.72424056559822
389677934,389677928,36.671324974594576
389677934,389677937,7.8385698180224646
389677934,393546092,23.1607994898431
389677934,391169150,19.87357542365037
389677937,60052050,12.358241565722784
389677937,389677934,7.8385698180224646
389677937,417737948,11.515507765849987
389677942,2129327680,47.250167657772984
389678255,1014137496,53.1670919967024
389678255,3081114102,23.488561110494498
389678255,389678257,23.148103154491945
389678255,391169148,22.76679249213248
389678257,393546093,27.73328368744912
389678257,1258678551,13.705930527468901
389678257,389678255,23.148103154491945
389678257,391169150,22.76368885743087
389678257,1721865324,15.6235821728761
389678265,1721792685,11.661430058518631
389678265,1721792831,44.851280773974096
389678265,390543731,30.215026034545254
389678275,60052061,7.820549058393955
389678275,1721866070,85.09116809785286
389678275,389688359,9.265661289454568
389678275,2143494642,5.164843737618743
389678277,13630279506,49.37625051367755
389678277,389688359,19.50333380860621
389688359,389678277,19.503333808606207
389688359,389678275,9.265661289454568
390539238,3081114188,43.68845241564158
390539238,10086042913,62.503031619070185
390539238,393546097,24.481847995308307
390539238,400979105,25.8822306340356
390543731,1721792637,17.09896831722708
390543731,389678265,30.215026034545254
390543731,390543737,15.127556633621648
390543732,2122030598,12.120201888384862
390543732,1721792645,27.000313868563598
390543732,1721792637,28.970561200329346
390543733,2485328813,60.049311617927096
390543733,1721792679,166.51871929747512
390543733,390543740,16.553054930824423
390543733,390543735,21.49091335181305
390543735,6721977886,87.14127089012945
390543735,390543742,16.553052407109064
390543735,1687661314,60.11985867545481
390543735,390543733,21.49091335181305
390543737,390543731,15.12755663362165
390543737,2485321566,10.724527650317832
390543737,390543749,87.20285573487266
390543739,95380051,7.485615776138088
390543739,391186799,88.22749690990034
390543739,390543740,36.151190622423925
390543739,4318452883,88.04794229602214
390543740,390543739,36.151190622423925
390543740,391186798,88.67768094178186
390543740,390543733,16.553054930824423
390543740,390543742,21.490959672706033
390543742,6721957084,2.959698983063882
390543742,390543735,16.553052407109064
390543742,390543740,21.490959672706033
390543744,4318452885,20.0154698425088
390543744,390543749,13.855597239767157
390543744,390543746,17.578662792849162
390543744,8975753702,41.51535089037779
390543746,1721792679,4.9612883592795685
390543746,390543747,14.857795897422898
390543746,390543744,17.578662792849162
390543747,1721792645,11.329625729433621
390543747,390543746,14.857795897422898
390543747,390543749,17.582410308511328
390543749,2122030522,3.33369719733129
390543749,390543747,17.582410308511328
390543749,390543744,13.855597239767159
390543749,390543737,87.20285573487266
390998467,2014631987,53.33962609025645
390998467,3561230058,14.89554600280045
390998467,3099866266,12.018891951739748
391005191,12723935121,31.616512476735746
391005191,13298807417,12.985464648958317
391005191,3708553988,53.37095083947282
391008072,2411557278,6.740996973231661
391008072,371812129,77.08803110901789
391008072,391008074,72.77984254086485
391008074,1250411718,104.88228202976715
391008074,391008072,72.77984254086485
391008074,6401344286,26.67563068244474
391008077,1250411718,33.927567369056995
391008077,551183031,45.455455658749244
391008077,6532307621,65.24090525058703
391169143,8711029060,8.816584900889692
391169143,29605004,12.731247641318474
391169143,36607360,11.935292521612114
391169143,393551259,64.26236895942806
391169146,42606791,9.890109059973131
391169146,42606787,9.430721633204955
391169146,8711032240,12.439151731629227
391169146,393551201,69.78822775439022
391169147,87486207,9.373236781975308
391169147,87486205,9.871827577129281
391169147,8711010702,6.322364169479257
391169147,8711032244,13.834954806857542
391169148,393546092,19.949397141331776
391169148,389678255,22.76679249213248
391169148,391169150,23.164309794935463
391169150,391169148,23.164309794935463
391169150,389677934,19.873575423650372
391169150,389678257,22.76368885743087
391170479,391170480,10.035475250126236
391170479,2052368027,44.21431207232997
391170479,394490765,33.02252352295453
391170479,118410163,9.535626446429212
391170480,391170479,10.035475250126236
391170480,281672004,12.081012728578312
391170480,53542435,53.52666180701171
391170480,2086306556,43.67987074976284
391170482,8974992130,23.251373170261708
391170482,412357056,37.32808571600252
391170482,1886244903,9.555344413632998
391175203,306724444,2.759310641095379
391175203,306724443,55.47887873209682
391175203,2295429899,18.448894325054354
391175207,3555231321,26.058959605507194
391175207,391175210,126.58840385030959
391175207,412357054,27.546981395201946
391175207,1305290560,18.02485378318746
391175209,3559858960,18.65127297483886
391175209,769525630,54.229411415685775
391175209,6712315901,24.214473433565644
391175210,13298797600,31.552336192269834
391175210,391175207,126.58840385030959
391175210,3555231347,12.825873238605244
391175215,391175216,44.14805589666651
391175215,1305290558,14.26917234595928
391175215,3932115349,18.588145734346064
391175216,391175215,44.14805589666651
391175216,2086306644,11.044869880819395
391175216,391175217,31.15717491136769
391175217,2454643018,6.746039067544952
391175217,2086306599,75.45319821543086
391175217,391175216,31.15717491136769
391175824,391175825,25.630985617482136
391175824,2689251643,10.35428040780653
391175824,1895652064,37.548475254152265
391175824,303255353,10.284533811919083
391175825,3081114061,20.250419906387634
391175825,391175824,25.630985617482136
391175825,1895652064,20.690051327129872
391180754,12573377806,59.05441256568858
391180754,6721977886,17.30494266664453
391180763,4022845428,44.52028264983405
391180763,391180764,42.82339122555643
391180763,580005389,110.58051624770215
391180763,391180765,12.51390981578584
391180764,391180763,42.82339122555643
391180764,2259555498,15.844689891499254
391180764,391180766,16.077686773132765
391180765,391180766,42.286215080868764
391180765,6626897965,12.96411720626173
391180765,391180763,12.51390981578584
391180766,391180765,42.286215080868764
391180766,391180764,16.077686773132765
391180766,2259555502,18.039321919515224
391186794,391186795,41.66463487544414
391186794,2259555498,75.42034527416499
391186794,12920295101,17.881612358354268
391186794,391186811,12.87397675253511
391186795,4022845428,49.381450379883645
391186795,4022845425,53.6365768905531
391186795,391186794,41.66463487544414
391186795,391186809,12.18536108529793
391186796,10086065417,1.5177203248915498
391186796,580005383,41.04754516456908
391186796,391186807,20.50608209286321
391186798,390543740,88.67768094178186
391186798,391186803,14.28089528210981
391186798,10086065417,29.743297533140833
391186798,391186799,28.501983187357297
391186799,95380046,7.625366889700184
391186799,390543739,88.22749690990034
391186799,10086065420,88.46948248960416
391186799,391186798,28.501983187357297
391186803,10086042913,4.3619889982983135
391186803,394502509,113.20932161363024
391186803,391186798,14.28089528210981
391186807,391186809,163.75043139254035
391186807,10086042914,2.0367930313490943
391186807,391186796,20.50608209286321
391186809,400979103,68.34956172510435
391186809,391186811,41.951215070192426
391186809,391186807,163.75043139254035
391186809,391186795,12.18536108529793
391186811,391186809,41.951215070192426
391186811,12920295103,11.232908639179051
391186811,391186794,12.87397675253511
393546092,13715067434,9.109638757136747
393546092,4117667025,13.054645953615687
393546092,389677934,23.1607994898431
393546092,391169148,19.949397141331776
393546093,3712908137,5.392024188276998
393546093,389678257,27.73328368744912
393546093,13403216315,78.26016365446759
393546097,769480510,47.62772102307522
393546097,13403198065,40.16597355473812
393546097,390539238,24.481847995308307
393546097,551183031,27.55160658976461
393546105,2449693542,52.39660948930149
393551201,391169146,69.78822775439022
393551201,393551203,21.290057456092274
393551201,393551204,23.634233275355484
393551203,2689251629,8.64818993748945
393551203,2689251635,52.05096182648522
393551203,393551214,21.42807842395324
393551203,393551201,21.290057456092278
393551204,393551210,21.434547035457552
393551204,1470547066,118.6931631344144
393551204,393551201,23.634233275355484
393551210,393551204,21.434547035457552
393551210,12634807325,54.19801188978125
393551210,393551212,23.952666646839077
393551212,700645334,127.66460581252166
393551212,393551214,20.82922520352492
393551212,393551210,23.952666646839077
393551214,12164092408,25.49649162489109
393551214,12164092354,22.850235264663834
393551214,393551203,21.42807842395324
393551214,393551212,20.82922520352492
393551216,1295520249,30.978677058598482
393551216,13230632133,57.49797521769759
393551216,12986928208,17.863334413110728
393551216,12986928212,22.11909807951749
393551253,394502548,78.46695353593044
393551253,1470546966,157.96958598078413
393551253,1470546965,12.892509728091502
393551253,11149179984,24.817877480741263
393551257,3712907649,14.181605432844625
393551257,393552049,18.800593846495012
393551257,393551259,22.313563533323784
393551257,2426119342,43.93782130260936
393551259,391169143,64.26236895942806
393551259,393551261,25.869071247723284
393551259,393551257,22.31356353332378
393551259,393552044,28.169300043302712
393551261,3712907647,2.9906061524596743
393551261,393552040,23.196304224338554
393551261,393551259,25.869071247723287
393551261,700645350,68.08301189825237
393551266,2283087667,30.147012148946597
393551266,528518654,105.5751389284553
393551266,393552032,21.053951823905308
393551266,393551268,22.820683602452355
393551268,3697967180,7.8632434762032855
393551268,13295755955,43.98826863109048
393551268,394499192,21.79128410018732
393551268,393551266,22.820683602452355
393552032,769507568,103.4052389295747
393552032,2469059471,52.58363857408814
393552032,393551266,21.053951823905305
393552032,394499192,22.824232365656286
393552034,769507574,8.898013678895571
393552034,769507568,8.116693309460883
393552034,29603436,10.070749183187445
393552040,769486910,68.60943351739013
393552040,393551261,23.196304224338554
393552040,3712907663,14.683800364840636
393552040,1895652010,18.6149707283814
393552044,1895652010,8.033861407258568
393552044,8710842887,18.26312209056084
393552044,2304485456,19.91931969301457
393552044,393551259,28.169300043302712
393552049,773499497,44.027278070146316
393552049,2304485456,7.536006331859577
393552049,393551257,18.800593846495012
394490763,1892684378,6.975851718615579
394490765,1892684378,8.836828504704368
394490765,391170479,33.02252352295453
394497145,3555231313,10.28349668883929
394497145,3555231310,13.236889201663226
394497145,12987228175,17.664076946442677
394497201,3555231358,6.937268666080383
394497201,13298797600,19.65316304478874
394497201,394497205,17.1420204371711
394497201,394497264,17.37519222352836
394497205,394497207,132.52966703302323
394497205,3559858960,32.17044855971325
394497205,394497201,17.1420204371711
394497205,394497268,17.217511585307918
394497207,394497211,42.44717161761351
394497207,394497205,132.52966703302323
394497207,13298501951,22.495098637675213
394497209,1114068240,138.0851891675208
394497209,394497219,73.59452287273962
394497209,13297903994,40.315719831957736
394497209,394497279,17.67867264397269
394497211,394497207,42.44717161761351
394497211,400708678,8.885088498156112
394497211,394497272,17.15677575528334
394497215,394497272,41.68156467252504
394497215,6431753616,98.90220363165051
394497215,394497223,14.853134488394156
394497215,773006153,41.426934060810964
394497219,394497209,73.59452287273962
394497219,400708678,8.606367193118539
394497219,394497276,17.153431598401365
394497223,394497276,41.91227506842241
394497223,8709768325,177.40806751369462
394497223,394497215,14.853134488394156
394497223,773006173,41.25438387854465
394497264,13299958383,11.683160051791795
394497264,394497268,17.410012703327375
394497264,9832051445,23.14915113841083
394497264,394497201,17.37519222352836
394497268,13315326487,37.336713048842206
394497268,394497264,17.410012703327375
394497268,394497205,17.217511585307918
394497268,9832051443,10.651513161843814
394497272,3559859199,35.76486348541951
394497272,394497215,41.68156467252504
394497272,394497276,17.480841215110992
394497272,394497211,17.15677575528334
394497276,394497279,73.46345154531211
394497276,394497223,41.91227506842241
394497276,394497272,17.480841215110992
394497276,394497219,17.153431598401365
394497279,8709768327,101.79586226383059
394497279,394497276,73.46345154531211
394497279,394497209,17.678672643972686
394499178,3700459275,8.556211731449322
394499178,1409284225,12.464928929597267
394499178,6901457342,73.40757742998215
394499178,26240542,11.829716560706288
394499179,1409284224,49.76776849872626
394499179,42606884,89.7139643624614
394499179,394499201,18.25291138650999
394499179,2427129310,43.03220519073249
394499182,7477429110,6.322843132226108
394499182,7477429109,6.041735436855077
394499182,281361741,30.54025005119873
394499182,211893022,8.659008509565155
394499192,3703004308,2.413816428887521
394499192,393551268,21.79128410018732
394499192,393552032,22.824232365656286
394499193,3703004309,10.060840808630342
394499193,13315326482,45.183854533689065
394499193,266582326,125.00632466624342
394499201,10289231561,41.60427635817179
394499201,6532307406,42.232904258588746
394499201,394499179,18.25291138650999
394499201,773006165,42.19796171808623
394500530,12003523109,1.6332771247471625
394500530,3708490810,19.752666854042406
394500530,3700457881,18.91721786127186
394500533,246692484,9.332337350521076
394500533,4546585929,28.64358116894995
394500533,394500555,40.791976021726434
394500533,700645284,83.6179695795493
394500537,394500538,86.71129624366449
394500537,2411557278,15.651723210551367
394500537,3079530180,67.52018882925358
394500537,13281549821,19.25455920139315
394500538,394500537,86.71129624366449
394500538,13305245532,8.775021132875986
394500538,1428540787,24.321972803465528
394500538,400958048,22.280021747184495
394500539,280889412,7.825685659070121
394500539,837619526,37.245239350854845
394500539,400958048,85.80321812082376
394500539,394500540,76.42555490447502
394500540,837619528,38.80002854013608
394500540,394500539,76.42555490447504
394500540,394500552,80.698730141125
394500544,12003523110,1.6500331883539918
394500544,1167546212,107.00979400451935
394500544,3700419537,16.584260789057396
394500548,3700457880,1.8332598604513823
394500548,29603223,12.30301757566171
394500548,3700457883,2.7943149866531245
394500550,700645449,74.61132729712276
394500550,11733158990,66.83345716034854
394500550,394500555,16.30691976513249
394500550,394500552,22.70946338304095
394500552,2674087870,115.74675127305692
394500552,394500540,80.698730141125
394500552,394500557,17.490311353847176
394500552,394500550,22.709463383040948
394500555,13230632167,147.80544373418473
394500555,394500550,16.30691976513249
394500555,394500557,18.932164816161762
394500555,394500533,40.791976021726434
394500557,394500558,45.0392607028119
394500557,11207889119,177.10832472099216
394500557,394500555,18.932164816161762
394500557,394500552,17.490311353847176
394500558,400957064,177.62764280649796
394500558,213274739,10.007486301033039
394500558,394500557,45.0392607028119
394500558,394500559,53.97389075881475
394500559,11244959781,40.590520601322154
394500559,937247664,95.03038925270191
394500559,394500558,53.97389075881475
394502497,13124092175,47.68821785611174
394502497,769480504,44.96476287050584
394502497,528518664,18.203173173046018
394502497,394502525,17.358541608722152
394502501,13228738047,61.40351457632701
394502501,769480491,49.946520388594834
394502501,394502520,15.793105256336649
394502501,394502505,22.906685608538748
394502505,3081114188,65.13082730053046
394502505,394502506,25.942883406536662
394502505,394502516,15.800796461056038
394502505,394502501,22.90668560853875
394502506,3081114197,67.27303816106968
394502506,286268354,5.097054431630202
394502506,394502509,35.52905736606499
394502506,394502505,25.942883406536662
394502509,394502506,35.52905736606499
394502509,391186803,113.20932161363024
394502509,10086065420,16.03464987633668
394502509,394502512,15.077161819618267
394502512,12748023037,16.525780507966047
394502512,394502516,61.391957178098515
394502512,394502509,15.077161819618267
394502512,2122030522,137.91746375602335
394502516,13403216315,121.6595345269796
394502516,394502505,15.800796461056038
394502516,394502512,61.391957178098515
394502516,394502520,22.906891964544727
394502520,4117667032,38.954452030489485
394502520,13715094674,27.794339073085187
394502520,394502501,15.793105256336649
394502520,394502516,22.90689196454473
394502522,356321424,33.196396448065336
394502522,356321371,7.265695716518349
394502522,394502526,13.612008528390982
394502522,1308065247,3.273909952419991
394502524,356321326,6.6129512594923
394502524,356321357,32.009064946886795
394502524,356321357,44.14716972243875
394502524,748724476,22.720885592754
394502525,13228738088,32.33476801534321
394502525,356321357,19.56555053885872
394502525,528518661,18.79277811310538
394502525,394502497,17.358541608722152
394502526,748724476,54.43091039239198
394502526,394502522,13.612008528390982
394502526,1271641004,33.08588880565363
394502526,394502527,15.571275160100818
394502527,13228738047,61.96098318520599
394502527,13124092175,80.53420332222146
394502527,394502526,15.571275160100818
394502548,393551253,78.46695353593044
394502548,394512458,17.303400872631325
394502548,2702116127,37.36299975482412
394502548,394502550,15.233483321257655
394502550,394502548,15.233483321257653
394502550,394512442,17.815020179932507
394506449,412395623,73.43887398657698
394506449,7450696581,30.288642447524253
394506449,394506451,19.339545752878465
394506451,394506449,19.339545752878465
394506451,12549995840,161.07168937101446
394506451,412395626,74.51139417245993
394506455,42606888,8.80348310020778
394506455,773006142,39.281772749732795
394506455,10289231559,118.1187445226333
394506455,10928063667,41.71222678657498
394506513,1975854213,107.60226691652032
394506513,394507702,55.09779239355095
394506513,281361655,27.10557222906128
394507699,29689090,7.471531921755184
394507699,13707173682,4.376796823366385
394507699,13707173691,4.534591376103155
394507699,835056972,44.85132514112976
394507700,11347510643,29.290600122506813
394507700,394508601,19.605236135092046
394507700,394507702,21.20072129975474
394507700,13707173691,83.14467070260729
394507702,394506513,55.09779239355095
394507702,394508603,19.372575663861177
394507702,394507700,21.20072129975474
394507702,394507703,86.101163174162
394507703,32759949,7.110020775143537
394507703,286054434,3.237110640803423
394507703,394507702,86.101163174162
394508600,344477312,9.272527314657513
394508600,394508601,38.83444677096154
394508600,2156388534,40.7375181813981
394508600,2156388532,82.57584849166918
394508601,394508600,38.83444677096154
394508601,394507700,19.605236135092046
394508601,394508603,21.42848760622126
394508601,2426119420,83.57276938586526
394508603,763664088,70.70365426205407
394508603,394507702,19.372575663861177
394508603,12549995841,211.71936353888555
394508603,394508601,21.42848760622126
394509536,9207710779,105.06646362387487
394509536,412354777,19.668634364936043
394509536,837619512,78.22750202231185
394509536,394509540,18.718889092688602
394509540,2674085213,2.2314123479174373
394509540,2427129845,173.4753089038229
394509540,412354775,20.11819650117987
394509540,394509536,18.718889092688602
394509544,394509548,18.819022773337878
394509544,412354773,19.86254098895345
394509544,8435073796,23.608265293671142
394509544,2427129311,81.2107563534329
394509548,966480924,38.66899134040349
394509548,394509544,18.819022773337878
394509548,412354771,19.278243242911227
394509548,11423544984,99.79227289790008
394509550,397273166,18.560510296072632
394509550,11203255036,18.76346612340619
394509550,11423544984,76.7449283990515
394509550,2002085770,64.16381700464507
394509556,400914515,55.96946637153625
394509556,394509560,19.57655495117917
394509556,2002028870,67.76212242124164
394509556,397273155,18.7522274144198
394509556,400914519,38.74734073653489
394509560,394509556,19.57655495117917
394509560,966533337,31.863865273679053
394509560,1512483240,62.00738049914266
394509560,6294585089,17.463211694355685
394509562,966533337,33.12961280051318
394509562,1512483237,63.01336852605084
394509562,397273145,17.864838489216954
394509562,394509566,18.404786497738
394509566,397273138,17.864874727047358
394509566,3053872818,85.73210465937859
394509566,394509562,18.404786497738
394509566,1512431630,58.381049570567086
394509570,1512431627,56.64149606936967
394509570,412346753,17.692020257528995
394512442,6403166308,86.254266321129
394512442,394502550,17.815020179932507
394512442,394512458,15.06908365148329
394512458,2809038555,51.922484860569305
394512458,394502548,17.303400872631325
394512458,394512442,15.06908365148329
394512458,3928028469,76.96618932890209
397273138,394509566,17.864874727047358
397273138,397273145,18.40476871488045
397273138,412351383,58.10806593279738
397273145,397273138,18.404768714880447
397273145,394509562,17.864838489216954
397273145,961102180,31.991693265476584
397273149,6294585089,2.80788822026221
397273149,397273155,17.842919063167667
397273155,3063573863,35.49231244865664
397273155,12986896066,173.47394763615893
397273155,394509556,18.752227414419796
397273155,397273149,17.84291906316767
397273166,412354771,176.84745338914047
397273166,394509550,18.560510296072632
397273166,12986896066,19.028438562595348
397273166,10928074439,35.95852769037832
400708678,29688406,8.44536258657321
400708678,60032757,11.916083212668077
400708678,394497219,8.606367193118539
400708678,394497211,8.885088498156112
400913568,8584226926,46.574460497858354
400913568,400913571,17.636012470932506
400913568,3063573866,60.96216895963115
400913571,400913568,17.636012470932506
400914511,400914519,37.622417914086505
400914511,6509238519,4.5262347771692575
400914511,400914515,56.330734194179065
400914515,400914519,37.904246673872215
400914515,2002028816,12.37732212540418
400914515,394509556,55.96946637153624
400914515,400914511,56.330734194179065
400914518,2002028816,5.833454826167504
400914519,400914515,37.904246673872215
400914519,400914511,37.622417914086505
400914519,394509556,38.74734073653489
400957064,3476893233,9.792201145788962
400957064,394500558,177.62764280649796
400957064,8369441202,3.819111062507063
400957064,12542383260,41.159104891777346
400958048,13305245531,19.356036933351156
400958048,394500539,85.80321812082376
400958048,2411561185,25.03403442133142
400958048,394500538,22.280021747184495
400979103,391186809,68.34956172510435
400979103,3079530182,76.72028706600805
400979103,1428540787,40.61773247650362
400979103,95378334,11.523510953626346
400979105,12253645001,64.33243437242304
400979105,551183031,23.87830990489281
400979105,390539238,25.8822306340356
400979105,10086042914,64.14289208240314
400990535,13707173689,6.745782879819698
400990535,13707173688,4.6610235433338945
400990535,29689064,8.110454983580038
400990535,1989024428,37.96684114304872
401525435,3928028467,43.57515376356449
401525435,11149179984,3.0622803228045794
401525435,401525436,13.70751132626468
401525436,11149179982,0.8927789541825113
401525436,574005370,257.73962075040873
401525436,401525435,13.70751132626468
412330956,3570692019,45.9306706575172
412330956,13299958365,13.214509076847664
412330956,547491256,58.90395619569985
412346753,412351384,56.90728103632218
412346753,394509570,17.692020257528995
412351383,397273138,58.10806593279738
412351383,412351384,14.979825146446833
412351384,412346753,56.90728103632218
412351384,412351383,14.979825146446833
412354771,412354773,18.509062782887604
412354771,397273166,176.84745338914047
412354771,394509548,19.278243242911223
412354771,7477429108,49.1630988114503
412354773,2427129844,177.1305827081832
412354773,7477429109,33.52837471270479
412354773,412354771,18.509062782887607
412354773,394509544,19.86254098895345
412354775,8435073816,22.01302676225388
412354775,538163920,39.55476629468962
412354775,412354777,19.516887334773095
412354775,394509540,20.118196501179867
412354777,394509536,19.668634364936043
412354777,13135350037,52.40967704745896
412354777,412354775,19.51688733477309
412354777,13707173659,76.8701226466192
412354778,11846261887,35.95359143964375
412354778,34404231,8.542168858086981
412354778,13831228017,7.301955210442632
412354778,13707173659,9.23940237375507
412357053,412357054,8.175934030795627
412357053,13278824988,21.482739568430343
412357053,519717384,23.04930607002974
412357054,2295429789,12.36993999749411
412357054,412357053,8.175934030795627
412357054,391175207,27.546981395201946
412357056,2295429789,22.005853650398947
412357056,1889248822,39.9844941736314
412357056,391170482,37.32808571600252
412395620,13245700345,50.323517368250236
412395620,412395623,14.983681765021197
412395620,7477429108,58.82944856729432
412395621,3053872985,39.44511065655556
412395621,412395622,14.880937232277896
412395621,13183962941,39.333310588593555
412395622,961071414,93.74135271957883
412395622,412395621,14.880937232277896
412395623,7450696580,33.84023033117114
412395623,412395620,14.983681765021197
412395623,394506449,73.43887398657698
412395624,538166033,31.096967534615125
412395624,412395626,14.7740799586465
412395624,7477429110,61.59044887296926
412395626,8435073814,83.42381939954132
412395626,412395624,14.7740799586465
412395626,394506451,74.51139417245993
413307582,13295755936,40.14195058645779
413307582,4549721190,20.308261868578704
413307582,3700454786,45.05448852876645
413307583,3700427701,4.721082582580447
417737948,60052050,5.552534943689744
417737948,389677937,11.515507765849987
417737948,2129327576,2.671540228421126
417738041,3099866264,12.340993636522173
417738041,7934560824,56.73725462320323
417738041,2302526921,18.530702212340515
519717344,519717353,37.47412661567773
519717344,519717363,24.07559062505758
519717353,3587003520,17.404612671996716
519717353,13278060632,12.909791497814911
519717353,519717344,37.47412661567773
519717363,519717384,41.05337881193522
519717363,519717344,24.07559062505758
519717384,519717363,41.05337881193522
519717384,412357053,23.04930607002974
519717384,12987228175,37.750113821313704
519728538,3555231341,11.991784889273198
524141316,769486880,76.01397665230401
524141316,2485314305,87.2813064010814
524141316,2485296136,122.33460451749039
524141352,2449663471,13.64937686412639
524141352,11218236666,5.946836172796504
524141352,8709742852,20.362973994120352
524141352,281660610,66.94369738513554
528518652,700645345,53.361866852941404
528518652,700645297,65.82867120184473
528518652,528518654,11.341992260796307
528518654,393551266,105.5751389284553
528518654,528518652,11.341992260796307
528518654,8142505471,33.78449811573231
528518661,2389811518,35.93984813936027
528518661,12641854895,43.10176250337972
528518661,394502525,18.79277811310538
528518661,528518664,17.698189886193223
528518664,13230632133,49.98925455914258
528518664,1295520248,32.9766873946865
528518664,394502497,18.203173173046018
528518664,528518661,17.698189886193223
538163920,11270795301,16.801232817774356
538163920,11270795295,60.72035612706311
538163920,412354775,39.55476629468962
538166033,281361740,8.227469032338371
538166033,11209519152,63.092537654684186
538166033,11070333706,149.34561053482332
538166033,412395624,31.096967534615125
538166529,281662536,20.366111921578067
538166529,1278379964,4.408273869283935
538166529,11928568290,8.797738696846686
547491256,3561927446,2.9776920065154346
547491256,12723935121,41.176525348378604
547491256,412330956,58.90395619569985
547525854,2259555502,9.48812130234065
547525854,702243285,45.38726141012102
547525854,547525858,19.555458662527165
547525858,12920295101,75.11178290132882
547525858,579261516,287.03744895000193
547525858,2259555498,17.746166750085933
547525858,547525854,19.555458662527165
551183031,391008077,45.455455658749244
551183031,400979105,23.87830990489281
551183031,393546097,27.55160658976461
551183031,13465111271,119.52610302833942
551183613,1623076107,73.98918495413747
551183613,2078234611,16.825618392886362
551183613,6400935165,11.064568818771289
551183613,3057121812,153.46093896431404
566834628,1989024429,36.26607624698223
566834628,13707173689,79.34203370960316
566834628,566834629,19.031889218860975
566834628,579250172,20.962467430990614
566834629,10584226063,50.34791732648956
566834629,3030999547,67.67933895117262
566834629,566834628,19.031889218860975
566834629,579250174,20.741204176817714
566834630,3051916553,4.652221047960383
566834630,3030999547,58.987045563086696
566834630,3051916552,2.0107179244994793
566834630,344543678,8.948349559128447
574005355,6994226885,162.01331166835547
574005355,574005370,12.030480311280229
574005370,7213029910,13.86315402426194
574005370,574005355,12.030480311280229
574005370,401525436,257.73962075040873
574005370,773499475,78.36939186049231
579244175,837619526,249.25115029804175
579244175,12986941448,57.87799476353365
579244175,579244180,10.175263890562805
579244177,12986941454,57.35432345352631
579244177,13707173677,110.01888615290345
579244177,579244178,10.859648716172861
579244178,11846236192,26.69773765134176
579244178,13831228017,54.298238811381594
579244178,579244177,10.859648716172861
579244180,2144966717,223.36485535349422
579244180,837619529,54.80704745909295
579244180,579244175,10.175263890562805
579244184,1989024428,17.30155755737891
579244184,13707173698,4.322709675152632
579244184,13707173677,4.773942102402073
579244184,13707173700,11.71866283739198
579250172,1975854213,48.904379744761926
579250172,579250175,43.59135072537738
579250172,579250174,19.05134259916639
579250172,566834628,20.962467430990614
579250174,3223425761,1.4986743623048684
579250174,579250172,19.051342599166386
579250174,566834629,20.741204176817714
579250175,6567974555,64.4587511657638
579250175,579250172,43.59135072537738
579250175,6567974556,70.85068942587856
579261516,13011712904,2.9396114940406517
579261516,547525858,287.03744895000193
580005380,580005383,7.74661702491307
580005383,4022845425,60.41396962587765
580005383,1687925400,45.27788119829598
580005383,580005380,7.74661702491307
580005383,391186796,41.04754516456908
580005389,1687925400,45.577630820476806
580005389,295265834,5.873222048965211
580005389,391180763,110.58051624770215
580005389,6721957084,41.750398480045085
616551749,13305245535,21.965910483805217
616551749,13305245531,2.8564777346382626
616551749,2078234611,32.14584386108611
700645264,700645339,81.51987741562597
700645264,700645341,68.5266574538546
700645264,700645323,19.201451957420666
700645267,12164092374,191.24011877995267
700645267,12641884109,39.45747566466523
700645267,700645271,16.70041160344729
700645267,700645303,16.556089993862976
700645268,6532307399,92.74119384366522
700645268,8142505471,28.849599621249112
700645268,700645307,18.46640236221058
700645268,700645297,16.607661183726762
700645269,3712907649,136.558550451725
700645269,11067552062,43.51381594805535
700645269,700645272,21.519487737424562
700645269,700645339,45.91767003365307
700645271,700645276,83.64845716253862
700645271,700645267,16.70041160344729
700645271,2449042980,56.06046027037569
700645271,700645333,16.559163236135994
700645272,12634807320,38.23666674035692
700645272,700645334,20.70571965112453
700645272,700645269,21.519487737424562
700645272,1470547054,90.01145822878516
700645276,700645327,50.85733780216719
700645276,700645297,18.611181565522145
700645276,700645271,83.64845716253862
700645276,700645307,17.00583007435587
700645281,3700427205,102.29556282636727
700645281,13295755955,16.96959333442562
700645281,700645315,19.515935009507416
700645282,700645308,83.54008910193792
700645282,2449042979,12.142459688063227
700645282,700645340,74.94439635829242
700645282,700645337,19.02579536403143
700645284,3561606475,103.95035918996419
700645284,700645338,16.01529305011347
700645284,394500533,83.6179695795493
700645286,12164092386,9.442049499433608
700645286,2304486086,3.2427125052388788
700645286,700645339,18.5252710733021
700645289,769507574,49.49465632981482
700645289,13278904813,77.74327978318986
700645289,7942558118,18.278817964248503
700645289,700645345,19.968437541246345
700645291,3629011278,2.038609270766807
700645291,6532307545,17.59797349223077
700645291,10927978459,103.51765316795134
700645296,1295520246,73.78237593730877
700645296,3629011282,3.539305740685109
700645296,3629011278,21.45400368933184
700645297,700645302,51.07956735867528
700645297,528518652,65.82867120184471
700645297,700645276,18.611181565522145
700645297,700645268,16.607661183726762
700645300,3700419538,35.135374526945895
700645300,13295755931,17.3401124317136
