u,v,length
416185254,4636499747,9.906289229571874
416185254,4636499744,32.3921487206171
416185254,4636499751,13.28975348918129
416186657,416279099,152.91649474692468
416186657,416283047,80.24853455127365
416186657,13542426674,53.20445502087156
416186657,416224071,96.85522304424894
416189992,8158474849,8.273414071363597
416190224,2464934611,22.649173662427
416190224,9966879045,16.48074491041185
416190224,2464934606,32.07300782678909
416190224,6065428510,24.39718383625415
416193506,6689775360,14.507612087645008
416193506,12377004303,30.14036585565136
416193506,6689558188,12.786678755786621
416194631,4902129813,12.371633140730816
416196642,7376979865,12.111430888910126
416196642,13046920562,7.054381493623112
416196642,416307105,51.562393697441195
416198444,3592929359,86.31506434135025
416198444,416300946,189.8974082330478
416198444,3592929333,11.467058233343032
416198444,4902129811,93.87784316526027
416201566,2187017670,4.908493923600694
416201566,2187017670,82.30104081303418
416201566,8162571411,67.08548757225319
416202003,1731202577,62.30260999349822
416202003,8164806702,17.726104408023545
416202003,8164806705,11.471350868185647
416203472,8144098360,10.734502357681174
416203472,8144073369,8.834935537838904
416203472,4628778822,45.9461070246036
416204077,9967858536,14.44960847149421
416204077,461631108,81.84148454091019
416204077,12377064714,49.14961915420861
416204136,416282380,61.12380534284716
416204811,2463937559,13.379223500337734
416204811,6866963617,79.30105211523883
416204811,9982680041,72.02858177931601
416205163,9967847085,2.329686187826657
416206814,416260659,59.23560206794245
416206814,4636499740,89.44195698201813
416206814,12372490005,24.467615467110882
416207231,12380347365,65.80308754736029
416207231,9982682875,74.81027351871963
416207231,2645858753,85.19623429473593
416209290,6783298787,48.49276458738912
416209290,416284463,97.41773041591078
416209290,12380285796,18.190587324773425
416210386,6689558170,57.34961065127175
416210386,12383164627,17.031145401617856
416210386,6689740366,11.540769068174813
416210610,8146312906,16.580024282002213
416210610,8144098368,12.866753799412281
416210610,8146312911,25.047968077318483
416210610,8146312931,10.358136410661537
416214185,8286904868,15.445337511810338
416214185,8286904864,15.025638993758918
416214185,461629148,105.61885632172435
416216955,8162571411,7.516726833986564
416216955,12184966318,322.79862410933737
416216955,8162571406,65.25278338359396
416219822,8162572131,164.6263644753082
416221031,416224102,114.8308695508605
416221031,12512896414,78.50238744028225
416221031,416279381,200.777704205117
416222830,416276235,43.963638840081714
416222830,416279381,84.78503108359732
416222830,416276353,116.45659494423288
416223300,8144098360,114.24159008802131
416223363,416223363,57.29098516802639
416223363,416223363,57.29098516802639
416223363,416230964,181.6036056987023
416224036,416230937,233.12868753608592
416224036,416274380,290.74464696325174
416224036,2187017665,75.40164779902364
416224036,8162571395,84.45795365337099
416224071,416186657,96.85522304424893
416224102,416221031,114.8308695508605
416224102,7376986111,83.77099777205284
416225047,416261211,62.04177403934513
416225047,416268345,61.842253158436655
416225047,7777172045,19.80721547287473
416227407,8286902756,52.41518783516718
416229275,4902129813,74.0613134883208
416229275,3595319277,93.33075169272806
416229275,3592929359,31.943870038958394
416230475,5200646648,312.9505200254756
416230475,12372511608,65.91738513279213
416230475,9982682884,29.004725265963227
416230475,6059279677,56.779453329444806
416230937,416224036,233.1286875360859
416230937,416274380,219.66599106479515
416230937,461631056,99.46135935070012
416230964,416223363,181.60360569870227
416230964,416282380,85.52738412300064
416231220,8162572126,7.939277785155913
416231220,8162572125,8.409059515475636
416231220,8162572127,8.258934745159413
416231220,8162572124,8.89061876825459
416242086,6689557879,11.483489981025981
416242086,4873749961,29.52584327900996
416242086,1586476765,15.533241165414644
416242086,416250191,50.00136896928666
416244055,6689765196,9.288713926577062
416244055,6689790560,12.219462011763465
416244055,461640876,12.627419123609455
416244055,7777172055,18.552168331951236
416249443,8162572089,9.737499126756985
416249443,8162572117,421.68360432572393
416249443,416257919,97.07303515188819
416250191,6689557880,10.842850026247742
416250191,2187916535,17.777228295006168
416250191,416268345,96.32351278007584
416250191,416242086,50.00136896928666
416257630,11907270669,8.88640001647664
416257630,11907011056,6.977119780776616
416257630,11907270671,25.174024306990002
416257919,8162572117,7.787225977489771
416257919,8162572126,91.53227268840226
416257919,416249443,97.0730351518882
416258196,416272315,16.334462712845752
416258196,7777172054,86.3573398478801
416258196,6689558112,16.198505749984207
416258902,416304791,80.52465552943515
416258902,12512896419,3.1390007293834365
416259663,12372446628,11.606241919939421
416259663,8286902816,8.574313776300231
416259663,8286903329,5.781304987572545
416259783,12387164247,7.4577110695878694
416259783,12373508954,8.258402306095963
416259783,9967858535,14.753938807815013
416259783,9982680066,69.38492900905823
416259980,6783388936,7.151261560080127
416259980,6866963609,20.659733757755088
416259980,2465529267,32.53715310652443
416260659,8286903315,3.3372842641594613
416260659,12372472143,5.516480893106338
416260659,416206814,59.23560206794245
416261211,416268345,50.15395082137528
416261211,4873749961,58.97317806150906
416261211,416225047,62.04177403934513
416261659,9968435016,7.870159148031359
416261668,11907043083,8.179553566168732
416268345,416261211,50.15395082137529
416268345,416250191,96.32351278007584
416268345,416225047,61.842253158436655
416268351,7376986112,7.662705337912276
416268351,9982682844,24.011562551290833
416268351,6689707783,76.06238630223301
416271192,8287102730,22.765205783151252
416271192,416275937,22.210194048983475
416271192,416275937,79.54675634756022
416272315,6689558106,10.19383750789601
416272315,416258196,16.334462712845752
416272315,6866963619,6.641903846765649
416272701,416302746,36.81332022696
416272701,12380694136,35.65996460345704
416272701,2605477570,15.744318117275178
416272701,6783346557,10.673755594057932
416273528,8289656305,16.482767700284466
416273528,8289599962,18.963192640179663
416273528,8289599961,27.754455493301187
416274380,416224036,290.74464696325174
416274380,416230937,219.6659910647952
416274380,12184966318,90.6440321286764
416275846,4636499740,57.947574383406106
416275937,8287102746,19.62704809778888
416275937,416271192,22.210194048983475
416275937,416271192,79.54675634756022
416276073,416277864,50.986566939597104
416276235,9982682846,37.7057167292186
416276235,12512896414,6.237470609182451
416276235,416222830,43.963638840081714
416276353,416279381,84.82131653808602
416276353,416222830,116.45659494423288
416276353,8158474846,106.92897448964415
416277123,8289599955,11.023305010848118
416277123,8289581867,21.179646506636836
416277123,12162649190,13.361025122266629
416277123,8289581871,21.349473474522778
416277864,416276073,50.986566939597104
416277864,416279362,28.339714791513956
416277864,8146312906,106.60856875391471
416277933,6689765192,10.325139276896527
416277933,416280117,116.65791978042695
416277933,2605477571,14.429991384931276
416279099,416186657,152.91649474692468
416279099,416280322,80.59361355402145
416279099,8158474855,99.92195131266651
416279362,416277864,28.339714791513956
416279381,416280322,77.86595983233966
416279381,416222830,84.78503108359732
416279381,416276353,84.82131653808602
416279381,416221031,200.777704205117
416280117,6689765193,15.572461475386584
416280117,6689740355,89.3158097700419
416280117,416277933,116.65791978042695
416280322,416283047,153.49163761113647
416280322,416279381,77.86595983233966
416280322,416279099,80.59361355402145
416280322,416304791,81.64700073452794
416282150,1470479974,83.73590217229238
416282150,6754430748,9.701336867915936
416282150,8169139850,20.546367490666174
416282380,416204136,61.12380534284716
416282380,8144098376,114.77501221648569
416282380,416230964,85.52738412300063
416282825,12376945304,5.798060782998543
416282825,6783298790,18.67894746970029
416282825,6866842256,6.399124741919864
416283047,416280322,153.49163761113647
416283047,416186657,80.24853455127365
416284463,12377063906,13.312265827901653
416284463,416209290,97.41773041591078
416284463,2187918549,88.99792549891457
416284463,3592929426,25.013582499517472
416285921,8158474863,6.848544847311616
416287074,7376986111,6.37627880487784
416287074,2266481699,9.465459732276928
416287074,9982680095,97.05616461963066
416290383,11907011066,7.38271603271264
416290383,9968434953,53.97943811116308
416290383,416300816,22.276165368572244
416290383,9968434956,18.022016784104586
416290466,9384950843,2.9987993343842185
416290466,2158045699,20.80993849180679
416290466,8146359928,20.845669800630233
416290821,3622731430,25.18469608478292
416290821,2187916537,95.64019159598445
416290821,8164806627,14.938399307603628
416290821,12387999128,5.587640519244783
416293252,9384950949,8.186797828721133
416293252,8289656305,46.51880294932886
416295319,8162572042,12.651213406637833
416295319,461631067,240.52164025797177
416295319,8162572040,17.367847228415986
416295319,461631070,18.151847857253752
416297455,8162572131,8.211470610370757
416297455,8162572127,183.6814612058927
416297455,8146312899,57.349026592097594
416298108,8164806709,8.408880540469074
416298108,461631103,60.12394169596048
416298108,2187916537,36.75823906283479
416298702,12380347365,42.712058486116916
416298702,12380347368,5.796970926660065
416298702,12380347363,37.67758279751237
416298702,12380347362,20.45768126460912
416298816,2187921847,68.42254663459215
416298816,6689740355,36.47239140051676
416298816,6689765195,10.71736158914269
416300816,11907043076,6.67234370151206
416300816,11907270671,93.685449924086
416300816,416290383,22.276165368572244
416300946,416198444,189.8974082330478
416300946,461631089,86.99995589581155
416300946,3592929477,18.676671408039546
416302746,12383063199,3.659943756547147
416302746,12383063199,63.62256614031275
416302746,416272701,36.81332022696
416304757,9968434998,67.28150001749125
416304757,7684287285,43.21681643940106
416304757,9968434971,95.53384052001527
416304791,416258902,80.52465552943515
416304791,416280322,81.64700073452794
416307105,7376986110,7.101955622456637
416307105,416196642,51.562393697441195
416307105,2266481699,119.61953479213054
461629148,8287076414,24.81099266036083
461629148,8287078723,49.906163276046044
461629148,416214185,105.61885632172437
461629149,8158474873,11.858664897378507
461629151,8158474877,5.1657268729696355
461629151,8289749696,12.734306457734892
461629151,8289749696,38.59816261035338
461631056,416230937,99.46135935070014
461631056,8162571388,244.32821464571816
461631056,7497139094,61.28285334377068
461631057,8162571395,15.026325931021558
461631057,8162571397,178.900568517236
461631057,461631067,191.09310568466663
461631058,8146312909,11.169215721313314
461631058,8146312911,58.31569842336516
461631058,3622290371,83.93881210297094
461631067,8162571406,13.119559185251369
461631067,416295319,240.52164025797177
461631067,461631057,191.09310568466663
461631070,8162572040,12.378339927846158
461631070,416295319,18.151847857253752
461631070,8162572038,224.29881420907626
461631070,9813511808,5.734616833179403
461631079,8162572040,4.910912977719246
461631088,12387119420,66.233422597746
461631089,416300946,86.99995589581155
461631089,3592929559,104.25233530380757
461631089,3592929554,66.7092725226389
461631089,3592929328,192.61712747026002
461631094,8164806686,5.358654923421035
461631094,4578196008,93.74098966626954
461631094,9967844458,33.40445715338124
461631102,4636505002,10.846870311860162
461631102,8164806647,7.969333510928511
461631102,4636505003,15.531254664561025
461631102,4636505004,11.99644497811998
461631103,8164806635,10.308922766241164
461631103,4636523913,22.551671532980194
461631103,416298108,60.12394169596048
461631104,3622731430,10.307631556739445
461631104,8164806705,75.0468620936953
461631104,8164806638,15.745613411506788
461631108,416204077,81.84148454091019
461631108,9967858552,6.547799719383857
461631108,9967858546,38.95321712934419
461640876,7777172054,11.403718527040812
461640876,416244055,12.627419123609455
461640876,5412883550,18.629657516676488
461640876,6689790559,11.749829201685314
461641822,2267338315,63.7916086491748
461641822,6689765204,6.147206095198488
461641822,461641853,74.24131803958718
461641853,461641822,74.24131803958718
461641853,462068871,49.5609154073752
461641853,462068849,49.88820719472358
461641855,9982627282,2.463151356040569
461641855,462068950,46.265118847402846
461641855,3671084311,44.35955513078825
462068849,462068871,9.115879973657117
462068849,461641853,49.88820719472358
462068849,462068932,10.852938683814447
462068871,462068849,9.115879973657117
462068871,461641853,49.5609154073752
462068871,462068927,10.909246444365056
462068871,462068927,92.13794762601906
462068927,462068932,9.092839123770883
462068927,462068871,92.13794762601907
462068927,462068871,10.909246444365056
462068927,2158045699,9.847464269688675
462068932,462068927,9.092839123770883
462068932,8146359928,9.33696582889953
462068932,462068849,10.852938683814447
462068950,1527583442,4.738279141252906
462068950,3671084311,9.056610064371835
462068950,461641855,46.265118847402846
462068950,462068959,13.882132307345078
462068959,8146359920,9.459003055706788
462068959,3671084310,13.02065489900541
462068959,462068950,13.882132307345078
462068959,3671084311,13.601833141786667
462068959,1731296883,17.976738028234543
462069379,8146312914,10.262925106411618
462069379,8146312923,34.32650867483646
462069379,4628785203,169.20154303139043
462069379,8146312915,24.00225033856119
462069385,8146312924,18.52883742641913
462069385,462069395,12.489129445226697
462069385,1036711642,13.236236123498117
462069386,8146312924,48.736703075827364
462069386,8146312923,43.46486402780617
462069386,2527208086,130.66398335459738
462069387,8146312918,41.60258028295688
462069387,7777172087,24.236974143430302
462069387,8146359920,199.46599939865976
462069391,1036711642,52.79513039476865
462069392,8146312918,16.36085251786335
462069395,462069385,12.489129445226697
1036711629,4636523920,12.406016683866326
1036711629,4636499730,9.189810941419552
1036711629,8158474849,95.4159602807599
1036711637,8286903300,16.73872770383626
1036711637,12391621051,15.494795587934389
1036711637,8286903339,4.417883039825858
1036711642,462069385,13.236236123498117
1036711642,6065428569,10.027346673233474
1036711642,462069391,52.79513039476865
1036711642,1527583446,23.26005613264811
1470479974,6065428946,8.236475594874621
1470479974,1600192780,8.268063943735195
1470479974,416282150,83.73590217229238
1497885329,12387952672,3.714189645162738
1497885329,8164794012,17.68579159747171
1497885329,9982627310,71.23291184436728
1506809892,6689730703,19.825733655685166
1506809892,11907043083,22.623330927519056
1506809892,9968435015,61.28245125279766
1525602983,1525603786,39.07008284016757
1525602983,9978768096,9.293584968191581
1525602983,9978768091,17.043743714389326
1525602985,1525603783,39.98710319292861
1525602985,6689765196,51.432726428675934
1525602985,9978768096,9.862134461916614
1525602985,6065428630,11.745713908278603
1525603783,6065428932,12.617216004617154
1525603783,1525602985,39.98710319292861
1525603783,9978768071,10.586309594033278
1525603786,1525602983,39.07008284016757
1525603786,6065428858,4.529786117934138
1525603786,9978768071,10.1245720121957
1527583414,1527583421,38.914803015480416
1527583414,1600164547,12.378314223924782
1527583414,7777172049,1.5715775001996908
1527583421,1527583414,38.914803015480416
1527583421,7777172048,1.8362619299916676
1527583421,1527583446,84.4201447664136
1527583429,1527586325,93.15817768200853
1527583429,1527583442,109.54891302054192
1527583429,1527583451,122.66607983574188
1527583431,6689765196,16.546754164289762
1527583431,7777172055,9.891223428982286
1527583431,6065428630,52.7138428248319
1527583431,1600164547,17.277608456671913
1527583442,462068950,4.738279141252906
1527583442,1600148913,77.69677356132975
1527583442,1527583429,109.54891302054192
1527583442,8146359920,12.852455321187993
1527583446,1527583451,7.795375763514774
1527583446,1527583421,84.4201447664136
1527583446,1036711642,23.26005613264811
1527583451,1527583446,7.795375763514774
1527583451,1527583429,122.66607983574188
1527583451,8146312918,24.534504465702206
1527586295,1527586325,101.66289176201997
1527586295,1527586325,62.01530533565029
1527586295,9967897471,26.83255594665339
1527586325,1527583429,93.15817768200851
1527586325,1527586295,101.66289176201997
1527586325,1527586295,62.01530533565028
1545217726,1600148913,18.75462779373888
1545217727,1600157083,95.4667884516986
1586473482,12387952671,1.6464770044467267
1586473482,6689558098,5.566225689550015
1586473482,6689765201,47.96756294417407
1586474031,2465529241,7.071712844458359
1586474031,4779529930,25.037924253291582
1586474031,4779529930,37.22228914976939
1586475114,6689558104,33.08620036153694
1586475114,2465529243,2.9948189589655207
1586475114,1586476834,2.1914041624447074
1586476765,416242086,15.533241165414644
1586476765,6866963619,58.2345581073408
1586476765,5412883554,7.498825765051952
1586476765,6689558107,11.969989958376647
1586476831,4578196017,25.475150104812617
1586476831,9966541823,9.859504556477546
1586476831,7777172002,11.301139247112426
1586476831,7777172000,11.628048320175175
1586476834,1732045938,26.70581497838335
1586476834,1586475114,2.191404162444708
1586476834,4578196017,3.4490717590520976
1586477092,4779529926,11.009922930704926
1586477092,9966541823,6.7307679743103455
1586477092,4779529928,21.74369953154887
1600148913,1545217726,18.75462779373888
1600148913,1527583442,77.69677356132975
1600148913,9763068958,26.193991235931158
1600157083,6754430747,14.713231324280066
1600157083,6754430746,20.247229366019216
1600157083,1545217727,95.46678845169862
1600164523,1600164547,4.1549770699078765
1600164523,6065428647,4.2832160408090125
1600164523,1600164548,13.458844332973225
1600164547,1600164523,4.1549770699078765
1600164547,1527583414,12.378314223924782
1600164547,1527583431,17.277608456671913
1600164548,6065428650,9.263320247313207
1600164548,9967897465,54.33679549619636
1600164548,1600164523,13.458844332973225
1600178425,6065428932,36.331558903531366
1600178425,6065428842,10.943591470430576
1600178425,6754430747,9.492642781302191
1600178425,6065428946,123.27391783568126
1600187210,1600187220,21.18264003203561
1600187210,1600192780,8.814630860127341
1600187210,6065428946,7.583262548031196
1600187210,6754430747,135.21656866191
1600187220,1600187210,21.18264003203561
1600187220,1600187387,25.06629205320773
1600187220,6689765207,45.41833136826616
1600187387,1600187220,25.06629205320773
1600187387,6065428826,43.38344788816596
1600187387,6065428825,43.80397327283039
1600192773,1600192782,25.60613011775701
1600192774,2470690572,82.41900739468538
1600192774,6065429141,15.770591919324506
1600192774,6065429105,30.058246867533608
1600192779,1600192783,22.43980664065056
1600192779,2470690573,93.5284951521514
1600192779,1600192782,55.842958296429515
1600192780,1470479974,8.268063943735195
1600192780,1600187210,8.814630860127341
1600192780,6065428790,65.77398384491018
1600192780,5412869473,5.923242828320277
1600192781,2470690555,17.87299917223901
1600192781,6065428790,6.648256941358851
1600192781,6689765203,8.44977767672244
1600192781,6065429023,24.076646725545892
1600192782,1600192773,25.60613011775701
1600192782,1600192779,55.842958296429515
1600192782,6065428797,18.046763995852086
1600192783,1600192779,22.43980664065056
1600192783,9763068969,12.556059053520892
1600192783,6065428788,14.031862448542785
1731064653,1731070071,83.0187429740488
1731070050,4636523913,8.899995125094577
1731070050,8164806709,79.00855168202806
1731070050,1731070052,76.7427057962633
1731070050,4636523911,11.61511480767755
1731070052,1731070071,60.77466947341783
1731070052,7376986117,49.563299603517365
1731070052,1731070050,76.74270579626331
1731070068,1731070071,15.381127271237233
1731070068,1731070085,7.396514902613293
1731070068,12391567925,10.982567901091203
1731070071,1731070068,15.381127271237233
1731070071,1731070085,17.44594862706973
1731070071,1731064653,83.01874297404879
1731070071,1731070052,60.77466947341784
1731070085,1731070071,17.44594862706973
1731070085,1731070068,7.396514902613293
1731070085,1731070086,9.962399410230674
1731070086,1731070085,9.962399410230674
1731070086,12391567935,45.54315764843754
1731070086,7376986117,61.998567414926896
1731186975,12391671784,56.2088604624749
1731186975,3594249413,25.45349528777364
1731186975,12391679002,64.85591978614225
1731186985,12391679022,10.937425213542276
1731186985,12391679023,11.797666505230058
1731186985,12391671784,74.74402761822942
1731202577,416202003,62.30260999349822
1731202577,1731202591,63.53337121100523
1731202577,8164806706,8.062381315119664
1731202591,1731202577,63.53337121100523
1731202591,8164806707,7.285864292327194
1731202591,4636505003,58.87154064795388
1731233367,6689558153,17.457680923186814
1731233367,6689558160,65.055330394177
1731233367,6689558160,97.5968345918793
1731285583,8165440700,18.984943364555246
1731286935,8165440686,19.993557589122656
1731286938,8165440693,19.28703689643428
1731293226,8283899792,13.458345536364003
1731293226,1731293243,17.412192577948318
1731293226,1731293238,21.325902714761263
1731293237,4628784486,7.927160410385729
1731293237,1731293238,15.029087527472544
1731293237,1731293243,13.973198093865877
1731293238,8283899791,38.28490091928742
1731293238,1731293226,21.32590271476126
1731293238,1731293237,15.029087527472544
1731293243,1731293237,13.973198093865879
1731293243,1731293226,17.412192577948318
1731293243,4628784471,18.308113488779316
1731293246,6689558214,15.564682328750552
1731293246,7497094505,16.221421073011367
1731293246,7237965404,40.334295228322716
1731296862,1731296898,23.502709001607652
1731296862,1731296902,4.310924052402314
1731296862,1731296878,5.01758041601942
1731296874,1731296900,22.865994545583142
1731296878,1731296862,5.01758041601942
1731296878,1731296900,7.218245732427947
1731296878,1731296899,35.67749204264553
1731296883,9384950890,45.69744571318192
1731296883,8146359922,12.677458316037077
1731296883,8146359918,9.68685699470978
1731296883,462068959,17.976738028234543
1731296898,1731296862,23.502709001607652
1731296898,8146359922,179.79183421375026
1731296898,1731296899,40.920435126423136
1731296899,2158045699,16.93428428894395
1731296899,1731296898,40.920435126423136
1731296899,1731296878,35.67749204264553
1731296900,1731296878,7.218245732427947
1731296900,1731296902,4.035912488068909
1731296900,1731296874,22.865994545583142
1731296902,1731296904,6.154903372949107
1731296902,1731296900,4.035912488068908
1731296902,1731296862,4.310924052402314
1731296904,1731296902,6.154903372949107
1731298221,9384950872,22.974805104274417
1731298221,9384950865,41.95717981134908
1731298221,11907270683,86.15805602755222
1732045938,1586476834,26.70581497838335
1732045938,6689558098,38.09936617076745
1732045938,4779529925,25.477182141765525
1881176449,8162572047,15.546145677060984
1891010958,1891010964,18.072910482095544
1891010958,1891010959,13.541529396599826
1891010958,1891010969,24.79216020065406
1891010959,1891010958,13.541529396599826
1891010960,9978768027,5.575920972385428
1891010964,9978768027,5.59680824065528
1891010964,1891010958,18.072910482095544
1891010964,2160881569,94.45738489843873
1891010966,2106637675,10.099346002966302
1891010967,2106637675,4.154284012957417
1891010967,2106637679,18.577666616221983
1891010967,9978768082,18.96494941395209
1891010969,1891010958,24.79216020065406
1891010969,1891010970,10.86306195991599
1891010969,2160881569,128.24551642514842
1891010970,2106637679,43.84593090306047
1891010970,1891010969,10.86306195991599
1891010970,2465529234,94.30340450938365
1891010971,6065428532,2.753048922495605
1891010971,2106637679,26.987109097387865
1891010971,2106637675,24.990954319164718
2106637675,9978768082,14.773630682492646
2106637675,1891010966,10.099346002966302
2106637675,1891010967,4.154284012957417
2106637675,1891010971,24.990954319164718
2106637679,1891010971,26.987109097387865
2106637679,1891010970,43.84593090306047
2106637679,1891010967,18.577666616221983
2117389307,8164794010,4.5682876487391395
2117389307,6689558104,6.583037033359555
2117389307,6783358640,50.5033501221707
2158045699,1731296899,16.93428428894395
2158045699,8146359928,8.934202422838803
2158045699,462068927,9.847464269688675
2158045699,416290466,20.80993849180679
2160881569,6689790560,9.074859656200443
2160881569,6689765196,11.468419384328012
2160881569,1891010964,94.45738489843875
2160881569,1891010969,128.24551642514842
2160881569,9978768096,51.94338606352879
2187017663,2187017665,17.07230352005072
2187017663,2187017668,17.628196925233624
2187017663,8162572025,177.09534089480601
2187017665,2187017663,17.07230352005072
2187017665,416224036,75.40164779902364
2187017665,2187017668,19.823233513811765
2187017668,2187017665,19.823233513811765
2187017668,2187017670,30.315225296755237
2187017668,2187017663,17.628196925233624
2187017670,416201566,4.908493923600694
2187017670,416201566,82.30104081303418
2187017670,2187017668,30.315225296755237
2187916490,6866820401,16.366376576004285
2187916490,12323344863,42.92614711625411
2187916490,6866820405,41.39002171383269
2187916494,9967843003,50.548938783142795
2187916494,2187916503,82.96214873677451
2187916494,6866820413,66.59350806644227
2187916495,2187916503,57.45522958133395
2187916495,2187916497,28.67955481104972
2187916495,6866820413,6.4963403917253935
2187916495,12323353971,36.214386328124405
2187916497,2187916495,28.67955481104972
2187916497,5257594047,283.2567555510187
2187916497,6866820405,67.80090903397371
2187916497,12323353971,23.84765787257927
2187916501,7376986117,14.567688064327704
2187916501,5257594047,14.528758800111119
2187916501,7376986118,29.83829749554061
2187916501,4636523913,124.06965077681969
2187916503,2187916495,57.45522958133395
2187916503,2187916494,82.96214873677451
2187916503,2187916504,6.482903465064418
2187916504,2187916503,6.482903465064418
2187916504,6783483199,7.339360070439778
2187916504,12323353971,43.925937594896254
2187916535,416250191,17.777228295006168
2187916535,9982680036,37.83854714839106
2187916535,7777171935,8.282585925436543
2187916535,5412883557,9.280712620046819
2187916537,416298108,36.75823906283479
2187916537,416290821,95.64019159598445
2187916537,8164806634,12.945762636389574
2187916537,8164806672,6.002689429538549
2187918549,416284463,88.99792549891457
2187918549,5217174968,20.0600616455087
2187918549,2605482357,53.78396317938714
2187919739,3592929421,6.577278676749921
2187919739,12377063906,11.961536934573008
2187919739,4902129809,60.98688955487182
2187919743,3592929407,24.957941440399342
2187919743,3592929558,228.8222979371223
2187919743,4902129809,28.23907713730685
2187921845,2187921846,62.384358777870496
2187921846,2187921845,62.384358777870496
2187921846,2187921848,64.84248986062109
2187921846,4636526390,15.612231935186683
2187921847,4636511759,45.43844752421722
2187921847,416298816,68.42254663459215
2187921847,4636526390,13.046263054813096
2187921848,2187921846,64.84248986062109
2266481699,7376979866,14.731817771965165
2266481699,416287074,9.465459732276928
2266481699,416307105,119.61953479213054
2267338313,6689895396,18.216376425317304
2267338313,6191164079,8.055103271173246
2267338313,2267338314,38.05013598269956
2267338314,9967869354,17.484859820956785
2267338314,9967869358,8.61890150034748
2267338314,2267338313,38.05013598269956
2267338315,7780123254,77.303324598502
2267338315,461641822,63.7916086491748
2267338315,9967869347,48.067442420315594
2463484098,10444070836,19.380857665971355
2463484098,11149042180,19.915031181638348
2463484098,2466086649,70.9164928154878
2463484098,5412869472,112.54199398088956
2463484107,12063827411,26.633118297542797
2463484107,2466200645,89.26760382289504
2463484107,12065449269,11.287638578320117
2463937556,8165440701,33.463334822049696
2463937556,8165440694,26.38070103375152
2463937556,2463937559,19.042647410472462
2463937557,9966866908,15.009343862794994
2463937557,7777154380,17.786220156817002
2463937557,7777171896,31.856763735524016
2463937557,7777171901,9.050651226303938
2463937558,12383237858,26.432295859761187
2463937558,6689740364,45.46165893860655
2463937558,12383164628,8.025142872945736
2463937559,6866963613,15.275909725967438
2463937559,416204811,13.379223500337734
2463937559,9982680044,79.40924745489295
2463937559,2463937556,19.042647410472462
2463937560,2463937578,29.142414434718518
2463937560,6783331198,14.9875252599168
2463937560,12380694136,63.008518528252324
2463937561,12383073531,17.282852069654115
2463937561,12383164623,56.56662104450499
2463937561,4902129808,19.92388894710211
2463937561,6689558143,34.67506885527601
2463937576,9967892684,18.989678562278787
2463937576,2465529236,20.228336518983618
2463937576,4636077425,43.864252102251974
2463937576,4902129812,30.511844027550104
2463937578,2463937560,29.142414434718518
2463937578,6783398704,8.752851687202993
2463937578,6783398694,44.26912612863606
2463937579,11408613072,112.61727101498633
2463937579,4636077180,32.3918153733433
2463937579,8164806623,5.563826028770421
2464788169,7780123254,8.432024259585765
2464788169,6065429314,73.06863610034141
2464788169,2470690572,67.18774201138862
2464934606,11149042180,37.49268539867667
2464934606,416190224,32.07300782678908
2464934606,11149042182,17.663217067993685
2464934611,416190224,22.649173662427
2464934611,6065428532,46.11323366517612
2464934611,9966879043,17.216756846661106
2464952421,6689730701,36.137792214331256
2464952421,11907043092,18.168439643131247
2464952421,9968435015,97.58393075973922
2465529234,2466086649,36.98451432745758
2465529234,9384950906,39.12437231677661
2465529234,6783488369,22.03564816232921
2465529234,1891010970,94.30340450938365
2465529236,4636068493,30.983593810086006
2465529236,9966586510,11.959577394329758
2465529236,12387207779,56.42806897843555
2465529236,2463937576,20.228336518983618
2465529237,12387980984,28.96315275941125
2465529237,9593148667,5.967005227535916
2465529237,9593148662,22.393835070128628
2465529238,9593148662,21.800161434995733
2465529238,6866820415,4.041917904000051
2465529238,9593148655,17.1788495059079
2465529241,1586474031,7.071712844458359
2465529241,6689558104,34.73873338465498
2465529241,6783358642,16.799174672688324
2465529243,4779529929,14.441408161432868
2465529243,4578196017,3.43610256603056
2465529243,1586475114,2.9948189589655207
2465529263,7777171886,17.047083038827083
2465529263,2465529264,32.30806630825815
2465529263,12387207779,37.00827207680201
2465529264,7777171996,2.6232825152570105
2465529264,2465529263,32.30806630825815
2465529264,2465529265,7.178624518688001
2465529265,7777171999,10.588886931472956
2465529265,2465529264,7.178624518688001
2465529265,7777171888,22.38396941228458
2465529267,416259980,32.53715310652443
2465529267,12383135030,43.90940576443049
2465529267,6783388935,12.792518485964807
2465530926,8164806681,7.815936151123488
2465530926,8164806683,8.034588797686592
2465530926,12387994412,12.64022588522287
2466086649,2465529234,36.98451432745758
2466086649,2463484098,70.9164928154878
2466086649,6065428489,49.22519729859289
2466200642,2466240272,17.354532841309613
2466200642,2466750476,36.589327398403725
2466200642,6689730718,161.59319043211596
2466200645,2463484107,89.26760382289504
2466200645,9175499889,22.078933252196922
2466200645,2466240294,38.33813780586126
2466240268,12065392455,13.837192509096283
2466240268,2466240269,26.06675251707861
2466240268,2466240282,7.889383050757652
2466240269,2466240268,26.06675251707861
2466240269,12065392454,14.04440072180841
2466240269,12065392451,20.45184791407411
2466240272,2466200642,17.354532841309613
2466240272,12065392460,20.74003311241098
2466240272,12065392457,18.952472111608774
2466240272,2466240278,36.21930539900907
2466240278,2466240272,36.21930539900907
2466240278,2466240283,30.44169484301197
2466240278,2466750476,14.759839484114845
2466240281,2466240283,34.16457446760826
2466240281,12065392451,20.11622843260784
2466240281,2466240284,18.606779075383105
2466240282,11618111422,13.689749940696082
2466240282,2466240268,7.889383050757652
2466240282,12065392457,13.531888312639198
2466240283,11618111425,13.880378776530222
2466240283,2466240281,34.16457446760826
2466240283,2466240278,30.44169484301197
2466240284,2466240281,18.606779075383105
2466240284,12065392450,19.78988959257438
2466240284,2466240288,37.98735978984103
2466240288,2466240297,42.536515397978526
2466240288,12065392449,12.322019136803842
2466240288,2466240284,37.98735978984103
2466240290,12065392437,12.02246220486964
2466240290,2466240294,42.82537427309791
2466240290,12065392438,21.339332977058973
2466240292,12065392438,17.852393046314088
2466240292,12065392436,22.668682207177284
2466240292,12065392468,5.698522085903779
2466240294,2466200645,38.33813780586126
2466240294,12065392461,31.477977705126875
2466240294,2466240290,42.82537427309791
2466240295,12065392435,4.585501084109141
2466240295,12065392458,21.971133465053665
2466240295,12065392460,37.00527799143655
2466240297,12065392467,29.89445268210786
2466240297,2466750476,26.147092674590645
2466240297,2466240288,42.536515397978526
2466243687,12065392441,25.19375296621423
2466243687,12065392444,17.057679924262896
2466243687,12065392465,43.51557052157188
2466243687,12065392446,14.646844975997446
2466243697,2466243700,84.98775949705794
2466243697,11907011065,5.80303526150527
2466243697,7376979865,144.87511672177084
2466243700,11907270669,79.23204415269028
2466243700,2466243697,84.98775949705794
2466243700,11907011058,6.108697278660928
2466750476,2466240297,26.147092674590645
2466750476,2466200642,36.58932739840372
2466750476,2466240278,14.759839484114845
2466772858,9968434968,9.920299491624395
2466772858,9968434966,25.803947040097384
2466772858,2466772861,21.323954467979636
2466772861,6689730709,19.19569000590696
2466772861,7684287293,19.134445090034358
2466772861,6689730710,78.89077205838306
2466772861,2466772858,21.32395446797964
2466772863,9968434966,49.45374482515342
2466772863,9968434953,13.338885863361076
2466772863,2466772866,23.388683640244405
2466772866,6689730716,19.102600837486463
2466772866,9968434951,13.675449955120584
2466772866,6689730713,77.1147972969339
2466772866,2466772863,23.388683640244405
2470690552,6065428981,60.67078785472852
2470690552,6065429141,27.345604409910962
2470690552,2470690555,35.40531900927748
2470690555,6065429141,6.22941499121375
2470690555,1600192781,17.87299917223901
2470690555,6689765206,8.118968319756535
2470690555,2470690552,35.40531900927748
2470690572,1600192774,82.41900739468538
2470690572,6689765205,7.431325330297585
2470690572,2464788169,67.18774201138862
2470690573,6689765203,30.820732209629856
2470690573,6065428973,17.111701632100733
2470690573,1600192779,93.5284951521514
2470690576,6065429165,39.26235476727021
2470690576,6689765204,21.62137196979109
2470690576,6065429235,38.62287892592884
2470690577,2470690589,19.91767119636598
2470690589,6065429286,35.85389315811292
2470690589,2470690577,19.91767119636598
2470690589,2470690593,35.07442137195832
2470690593,6065429166,7.339177513868032
2470690593,6065429165,13.156975650771082
2470690593,2470690589,35.07442137195832
2527208086,8162571388,13.103856224358738
2527208086,7777172045,14.946726450984313
2527208086,8162571397,13.6409097941384
2527208086,462069386,130.66398335459738
2527208092,7777171945,9.310731109354895
2527208092,7777171947,9.301503769734374
2527208092,7777172046,38.203873549963035
2605477570,416272701,15.744318117275178
2605477570,6866912860,4.1901708040913155
2605477570,6783388933,11.271468303839136
2605477570,9982680076,25.784850338249495
2605477571,416277933,14.429991384931276
2605477571,6689558139,12.94040574755459
2605477571,6689740370,12.074304658539342
2605477571,6866842254,10.064724750196508
2605482191,6689740372,52.26335991371079
2605482208,6689740372,7.385814957208146
2605482208,6689775360,65.92519063625342
2605482208,6689775339,98.71078681588577
2605482229,9967897452,78.89327172083047
2605482229,2605482234,24.54936768811469
2605482229,9592586235,14.765294868349828
2605482229,3622731422,272.1996531518298
2605482234,2605482248,24.996599864817348
2605482234,2605482229,24.54936768811469
2605482234,2605482263,34.994973249682
2605482245,12376974300,103.8140625730507
2605482245,2605482248,22.663461332372187
2605482245,2605482275,63.13965681976698
2605482248,2605482234,24.996599864817348
2605482248,2605482245,22.663461332372187
2605482248,2605482263,24.69400515312173
2605482263,2605482287,16.230024011745478
2605482263,2605482234,34.994973249682
2605482263,2605482248,24.69400515312173
2605482275,2605482319,112.83639769632354
2605482275,2605482245,63.13965681976697
2605482275,12376988854,60.7799396192161
2605482284,12376988854,1.5006019774778958
2605482284,12376988854,1.5006019774778958
2605482284,2605482287,27.158983201575538
2605482287,2605482263,16.230024011745478
2605482287,2605482284,27.158983201575538
2605482287,2605482301,39.820422276480244
2605482301,2605482313,43.07621232818926
2605482301,2605482287,39.820422276480244
2605482301,2605482333,150.88839807618805
2605482313,2605482357,113.79932639501567
2605482313,5217174968,193.29677082912468
2605482313,2605482301,43.07621232818926
2605482319,2605482327,13.907600233048068
2605482319,2605482330,16.8314896685993
2605482319,2605482275,112.83639769632356
2605482327,2605482319,13.907600233048068
2605482327,2605482339,13.164485251082557
2605482327,2605482333,17.44924235599951
2605482330,2605482339,16.346916756439885
2605482330,2605482342,30.203266382402596
2605482330,2605482319,16.8314896685993
2605482333,2605482357,92.74843915759806
2605482333,2605482301,150.88839807618805
2605482333,2605482327,17.44924235599951
2605482339,2605482330,16.346916756439885
2605482339,2605482327,13.164485251082557
2605482339,2605482357,99.91128703506706
2605482342,6689558231,10.898609838105036
2605482342,3622731426,5.9779475599377
2605482342,2605482330,30.203266382402596
2605482357,2605482313,113.79932639501567
2605482357,2187918549,53.78396317938714
2605482357,2605482333,92.74843915759806
2605482357,2605482339,99.91128703506706
2645858671,9967858605,4.532483190641063
2645858753,9967858546,4.994236766152968
2645858753,416207231,85.19623429473593
2645858753,12380375614,21.916468951937127
3592929325,3592929347,6.765485223643125
3592929325,10942960312,48.22775899788601
3592929325,4902129813,53.233025524761516
3592929328,10942960312,35.61711199289698
3592929328,3592929333,79.16500505071252
3592929328,461631089,192.61712747026004
3592929333,416198444,11.467058233343032
3592929333,3592929328,79.16500505071251
3592929333,9742496713,74.0964382353403
3592929342,3592929347,46.716667136811694
3592929342,9742496713,17.35243629004269
3592929342,3592929361,16.69591826467137
3592929347,3592929363,4.237828364712054
3592929347,3592929325,6.765485223643125
3592929347,3592929342,46.71666713681169
3592929351,9742508843,4.264512845748033
3592929351,3592929361,13.871808086034136
3592929351,9742508861,14.96979356380444
3592929354,9742508847,4.48211858361039
3592929354,9742496713,8.891263105167871
3592929354,3592929357,15.482003142597408
3592929354,3592929361,14.844877292915836
3592929357,9742508851,4.982641713136031
3592929357,3592929360,14.710379387929226
3592929357,3592929354,15.482003142597407
3592929359,416198444,86.31506434135025
3592929359,3592929360,12.014160279087532
3592929359,416229275,31.943870038958394
3592929360,9742508833,11.431464675179422
3592929360,3592929359,12.014160279087532
3592929360,9742508861,14.278507166765323
3592929360,3592929357,14.710379387929226
3592929361,9742508833,6.976778065565857
3592929361,3592929354,14.844877292915836
3592929361,3592929351,13.871808086034136
3592929361,3592929342,16.69591826467137
3592929363,3592929347,4.237828364712054
3592929363,3592929373,5.301741179469141
3592929363,3592929365,16.010039296436982
