u,v,length
31920104,31920374,97.2800812563176
31920269,7225186109,65.86648773966637
31920364,31920374,74.95014819690311
31920364,7225186121,90.23451810451144
31920364,13443716854,150.63283436572715
31920374,253291177,36.46113163233436
31920374,31920104,97.2800812563176
31920374,31920364,74.95014819690311
250003700,13204072484,7.796910049215579
250003700,13204072481,7.395379167887182
250003700,13204072482,8.676033431000324
250003700,13204072483,8.514447503858841
250003703,13055110362,6.91072705525163
250417681,7341214317,24.077546762404253
250417682,4813000850,21.02595095610895
250417906,12874074193,4.681383438128361
250417906,12875630250,6.021728222913945
250417906,12875630263,5.995745085320399
250417907,10037007991,9.520408032087245
250417907,10037007995,6.332711556054066
251548048,10037007886,14.281123643458656
253290536,593033016,12.820079707551578
253290536,4703074568,63.10956697766143
253290536,1738814234,19.672153979671943
253290536,7341214173,11.597930084959968
253291176,253291177,11.741747499124715
253291176,10037007926,195.93740410361931
253291176,10732794732,163.9984764646113
253291177,31920374,36.46113163233436
253291177,253291176,11.741747499124715
253291177,10732794740,27.21871873957391
253291184,10732794732,45.58425647593311
253665875,7344247826,5.5738529022093735
253665875,7344247828,9.603237335738628
253665875,7344228376,9.411351925773571
256915543,13208005857,9.703422205878306
256915543,256915557,7.8103433028718685
256915543,7357389595,146.6147584111992
256915546,10036990168,9.289222580124667
256915556,10036990167,9.562444113165931
256915557,13208005856,9.23940591624216
256915557,256915543,7.8103433028718685
256915588,7349773881,11.830392828695064
256915735,13207883658,7.857727643734606
256915735,257490271,60.483140336335275
256915735,256915740,9.460796236193959
256915740,13207883657,7.367747389005773
256915740,256915735,9.460796236193959
256915740,4833057131,46.67585212739943
256915792,256916049,58.31779929503955
256915792,13438314585,11.224861373922016
256915792,7341214408,101.62904956436586
256915794,3784892382,14.91598365039712
256915794,13712291773,3.944459837290141
256915794,7337314755,86.87441999902656
256915800,13207897599,7.599717976182987
256915800,13680160831,212.7504204033533
256915800,4813001135,238.3186893290073
256916047,7341214365,21.285680790964438
256916047,7341214317,19.436374405622793
256916047,4813000850,17.74174888100025
256916049,256916087,35.03314500180259
256916049,256915792,58.31779929503955
256916049,7341214417,10.004893690710249
256916087,13438314519,128.23205655883527
256916087,256916049,35.03314500180259
256916087,7341214408,8.428699360039953
256916273,12873950474,7.022908192329997
256916273,257641150,66.33319851367594
256916273,13339217042,157.62253069021753
256916275,12873950499,7.465425889702294
256916275,13204072431,10.155521493431232
256916275,1133047011,11.116894631114555
256916275,13346195732,31.562089587086774
256916276,13204072411,7.551950595601766
256916276,13204072414,8.425951109456621
256916276,12873974122,5.02509681579904
256916276,12873974116,8.452021531214516
256917001,13208514248,8.803531394265303
256917415,13208543518,9.123450801820255
256917453,13208534523,44.61767473016519
256917466,4813001165,26.858879503268117
256917466,3766711868,9.236609296883017
256917466,13208527766,8.849354868648522
256917553,13208534513,39.21289461526087
256917789,13208574368,8.590928017086265
256917789,4330096395,22.714400832915054
256917789,10700618705,28.44928753092924
256917796,13208574343,4.6227978550308215
256917796,13208574336,49.85656368277372
256917796,13208574341,7.534361250790755
256917970,11837596239,8.576488462148916
256917973,256918236,27.01006434136988
256917973,13226430254,6.080316282167881
256918026,4813001170,42.51394556210279
256918026,13226430263,4.98137719403145
256918026,13226541916,8.07131689774626
256918147,593032995,7.114471820863826
256918147,13226430270,7.509036995203635
256918147,13226430269,12.149283674815916
256918147,256918663,108.79240248011502
256918150,11837596245,6.021711210679472
256918176,256918301,25.120720117987496
256918176,13226430228,7.412497419382345
256918176,256918619,57.88733250785988
256918187,256918301,19.566314332237212
256918187,4813001170,22.356898011693925
256918187,13226430249,6.325814813571741
256918208,13226541951,4.667576345851948
256918208,4330096220,29.359096584452672
256918208,4330096394,36.84548020653524
256918208,13226542042,10.228477904341588
256918215,13226541923,4.422354815138246
256918215,13226541956,41.10630197671866
256918215,13226541962,13.904760392845683
256918236,13226430263,39.11081566498733
256918236,256917973,27.01006434136988
256918236,13226543924,8.20749716607027
256918301,256918187,19.566314332237212
256918301,13208574390,8.102474601857912
256918301,256918176,25.120720117987496
256918592,4330106648,6.312943884411935
256918592,13208574338,7.667299473058161
256918592,13208574331,7.2494257991294395
256918592,13208574336,6.106197293781643
256918619,13226430225,6.603466950711909
256918619,10700618705,28.738566478426776
256918619,256918176,57.88733250785988
256918631,13226430235,5.520876189756512
256918631,4330106648,49.27953347101511
256918642,13226430278,41.65833213019235
256918642,13226430268,8.324521005504323
256918642,13208574390,70.81464043874415
256918659,10700618709,19.008509106539545
256918659,10700618711,96.7825344599241
256918659,256918660,74.41520838498394
256918660,256918659,74.41520838498394
256918663,13226430272,10.577771232813623
256918663,11837596245,36.08606599679661
256918663,256918147,108.79240248011503
257489062,12873974121,5.667693146837455
257489062,13201761456,80.81701748063016
257489062,13204072411,81.7933279930385
257489116,13201761456,10.069098740752885
257489116,4813000864,46.935597827301834
257489116,257489322,42.028223562818326
257489313,13207883626,6.519981910431862
257489313,13401541645,6.514428564843279
257489313,13401541644,6.924672444282698
257489313,13204076776,9.280388566851972
257489322,257489116,42.028223562818326
257489322,4813000867,262.73985034211245
257489322,13201761449,8.201247004947637
257490251,13204076702,36.38579003499616
257490251,13204072491,37.588475018426365
257490251,257490256,267.64896064600316
257490256,257490251,267.64896064600316
257490256,13204072492,36.53789273735111
257490256,13204076705,36.26839358639697
257490271,13207877035,8.283399271087587
257490271,4216237445,10.14021897784605
257490271,256915735,60.483140336335275
257490302,13207897550,4.83642451264323
257490302,13207897569,4.282125000297761
257490302,13207897567,54.40451603424155
257490302,7344247826,37.755483468616255
257490303,13207897550,199.4130270083222
257490303,13680247507,29.579553570054344
257490303,4813000881,17.716075039790397
257490304,4845877793,68.11380559865714
257490304,13207897561,5.006030890266181
257490304,13680160814,44.02882334025017
257490354,10700612233,13.62486188402475
257490354,7349773874,10.457559362884554
257490370,13606511671,11.185939199198378
257490370,7349773874,34.935408310612225
257490371,7349773870,12.147342093711991
257490446,12874074189,5.393938523732147
257490446,4813000892,6.764523167333139
257490446,12875630250,40.027506330830974
257490599,12874074197,51.04667021454446
257490599,12875630246,63.153931300172275
257641147,13201749471,6.493992694913507
257641147,13339217034,7.500086750145871
257641147,13339217033,5.874331743215643
257641150,256916273,66.33319851367594
257641150,257641151,37.96706979420294
257641150,257641151,69.1241023258258
257641151,13339217048,79.42319376777634
257641151,257641150,69.1241023258258
257641151,257641150,37.96706979420294
257641244,13201745025,6.96433557865344
257641244,13339217047,5.965797933412105
257641244,13339217048,7.054363343151955
257641508,12874021821,6.371621744515626
257641508,12873950497,7.876648190573415
257641508,257641540,10.5965833840743
257641508,13346195765,12.09957454324393
257641540,12874021820,6.548452632263807
257641540,257641508,10.5965833840743
257641540,13204056371,4.407191168768607
257641923,257643784,50.85053131701654
257641923,13195747795,6.364338892305365
257642115,13339217038,5.012440749449581
257642115,13339217037,8.412706373958423
257642115,12874090120,6.442704192855321
257642135,12873950493,5.726953249397174
257642135,13339217042,5.431564516025704
257642135,13339217041,6.820602632541979
257642948,13195755208,5.876594363533253
257642948,13339217033,181.66959147129245
257643738,4813000863,11.753637731204583
257643738,12873974102,10.945250511157559
257643738,13201756508,39.90398077224867
257643738,257647792,77.27322179283047
257643784,257641923,50.85053131701654
257643784,12874021776,6.316606611542197
257643801,12874021776,36.23625939466869
257643801,12873950465,82.19008239946233
257643801,1133046837,316.130663229384
257647792,12873974101,10.745897336963113
257647792,257643738,77.27322179283047
257647792,13339217062,68.79008636208883
259380149,13228724774,58.28812407952412
260060146,13204072492,7.799461679500719
260060146,13401541604,12.849969143526078
260060146,4324507771,267.52531667763367
260060146,13204072475,7.950919460452079
353294872,13201761463,9.182906492301347
353294872,13207883638,6.690197280939531
353294872,13401541640,10.22835184374859
353294872,13401541641,8.698341290335525
353294881,13207883632,5.664628599064157
353294881,13401541647,6.576123979534741
353294881,13401541646,8.064242335074766
353294881,13204076749,10.212363306187852
353636838,10037008003,6.9043114041111044
353636838,7337314635,9.596771269738285
353636838,10037008004,7.120319413404985
353636846,13201761427,7.446303389059316
353636846,12874090412,6.292967587417552
353636846,13401541583,5.407880320230021
353636846,13401541584,5.46515107457078
356148467,13208534523,8.153804096461403
356148467,13208534526,8.95827492124206
356148467,13208534513,7.582881785942654
356148467,13208534525,9.605284109938522
593032995,13226430280,9.265599212292578
593032995,13226430278,8.740395936311103
593032995,256918147,7.114471820863826
593032995,13226430276,9.33683869550829
593033011,593033016,22.934917375053754
593033016,593033011,22.934917375053754
593033016,253290536,12.820079707551578
593033016,7341214187,21.339852891199623
593033018,12874021783,11.961882856611252
593033018,13201756507,9.298158704593732
593033018,13201756508,5.830849029010019
593033020,12873974107,5.360080629452166
593033020,7349773943,7.674010318037198
593033020,12873974128,5.860695334806265
593033020,12873974127,6.530112449492471
1133046837,12873950493,43.06907968127636
1133046837,12874090120,38.40513122939448
1133046837,257643801,316.130663229384
1133046837,12874021788,137.16257113119497
1133046902,13228724774,17.078600322308073
1133046912,4813000887,26.02789575241901
1133046912,12875630253,5.856580849728747
1133046912,12875630246,5.8121901079458
1133046912,12875630244,36.64957524352146
1133047011,13339217063,7.504355810130758
1133047011,256916275,11.116894631114555
1133047011,4324508581,5.03879895694167
1608077934,13228724753,7.651472275665067
1608077938,11837596243,5.192120014968429
1738814234,11567239531,208.0494886415868
1738814234,7341214112,21.829765862572412
1738814234,253290536,19.672153979671943
1738818560,7337314638,8.646158178986388
1738819174,3766711878,1.3547924010452623
1738819174,3766710955,56.08628131872145
1738819174,13208527766,9.048722379321767
1738819588,4324478573,68.66052179435984
2627336677,10036990168,6.681283538228327
2627336677,13208005855,138.10895786130823
2627336677,10037007886,121.38514964111128
2627336678,13809389960,15.649186782879886
2627336678,13714707291,17.087637703247125
2627336678,7337314836,26.427078872353903
2627336681,7337314814,52.97305576322314
2627336681,3857105680,10.490867245066669
2627336681,13714712262,6.661190548376379
2627336681,7337314837,23.18728582493281
3563766394,13228724725,18.01355392782391
3563766394,3563766395,7.541907933337713
3563766394,13208527413,93.7239838717208
3563766395,3563766394,7.541907933337713
3563766395,13228724725,31.820786336539953
3563766395,13055099443,72.13617418075518
3766710955,3766711878,17.587757278697804
3766710955,1738819174,56.08628131872146
3766710955,13208527773,13.165469926997694
3766710956,3766711886,1.4974938097195962
3766710956,13208527772,1.312932740288363
3766710956,3766711878,17.659625463333
3766710956,13208527773,6.9014811911469085
3766711857,13208527760,85.83902680506037
3766711857,13208527773,29.254372818128594
3766711857,3766711886,27.389753509399966
3766711868,13208527763,5.427336095291924
3766711868,256917466,9.236609296883017
3766711868,13208527772,5.888718865626293
3766711868,13208527766,7.295263306835664
3766711878,1738819174,1.3547924010452623
3766711878,3766710955,17.587757278697808
3766711878,3766710956,17.659625463333
3766711886,13208527772,1.720004923336544
3766711886,3766710956,1.4974938097195962
3766711886,3766711857,27.389753509399966
3784892370,13712288844,38.94869479920353
3784892370,13712288838,4.86311871485766
3784892370,7337314600,20.95107107104576
3784892371,13712288855,13.734641959231372
3784892371,7337314600,2.950625959825743
3784892371,3784916562,42.56965529749358
3784892375,3784892402,24.450581208995526
3784892375,3784916562,56.31070726380341
3784892375,3784892377,17.2023951395243
3784892377,3784892375,17.2023951395243
3784892377,3784892454,69.074429117093
3784892377,3784892380,43.53993408366048
3784892377,7344160315,29.091174722138348
3784892378,3784892383,36.648848952740515
3784892378,13714712448,19.180804808277557
3784892378,7337314569,67.8719609817152
3784892380,7345209626,2.3187480769844204
3784892380,7337314485,30.03832063306467
3784892380,3784892377,43.53993408366048
3784892382,3784892384,19.215836445861353
3784892382,256915794,14.91598365039712
3784892382,7345008954,9.263888525869419
3784892383,3784892378,36.648848952740515
3784892383,7337314486,6.175245065865104
3784892383,7341214495,22.32894401419179
3784892384,3857017251,13.099660262798038
3784892384,3784892382,19.215836445861353
3784892384,7345008953,9.490075692305796
3784892389,13714712441,15.799839875104361
3784892389,3784892406,46.091841245781964
3784892389,13714712440,3.3118687902102124
3784892389,3784916580,19.62324840671808
3784892392,7337295183,8.763781617411968
3784892392,3784892397,8.777355511340897
3784892392,3784916580,34.005447776393524
3784892393,13714712448,29.350270379696198
3784892393,13714712445,3.0011592279991843
3784892393,7337314686,40.81274670741958
3784892394,13714712446,16.103215033542163
3784892394,13714712445,33.35787596596879
3784892394,3784916580,48.51550731506691
3784892397,7337314485,18.65951440479102
3784892397,3784892392,8.777355511340897
3784892397,7337314487,30.350368162999814
3784892399,3784892406,20.544495138783944
3784892399,3784892400,9.410464923790249
3784892399,3784916580,45.69934405214077
3784892400,3784892399,9.410464923790249
3784892400,3784892402,32.62545973625818
3784892400,7337314487,27.06633621067477
3784892402,3784892375,24.450581208995526
3784892402,7337314487,13.895779922316594
3784892402,3784892400,32.62545973625818
3784892402,3784892404,37.23862014318818
3784892404,13712288844,20.61835813492838
3784892404,3857017234,24.979963028227044
3784892404,3784892402,37.23862014318818
3784892406,13714712276,26.240032677043633
3784892406,3784892399,20.544495138783944
3784892406,3784892389,46.091841245781964
3784892406,13714712269,9.32982925009374
3784892409,13714712080,6.474700025666754
3784892409,13714712123,17.920113361200702
3784892409,3784892410,52.00149241552157
3784892410,13714711924,9.049966164644857
3784892410,7337314671,5.504976953785467
3784892410,7337314670,9.41738247852139
3784892410,3784892409,52.00149241552156
3784892414,13714243159,4.521221129115378
3784892414,13714243155,6.8344543210887565
3784892414,13714712080,57.990416319369466
3784892428,3784892433,26.901781436458943
3784892428,13714243156,8.928503295842484
3784892428,13714712078,17.8896206728366
3784892432,13714225969,7.963522121933964
3784892432,13714225975,13.550075229089217
3784892432,13714225958,26.061900146202667
3784892433,13714225969,21.717136975706826
3784892433,3857017239,22.265514132116554
3784892433,3784892428,26.901781436458943
3784892437,3784892438,5.430501293654636
3784892438,7337314694,6.686438044483129
3784892438,3784892437,5.430501293654636
3784892438,13717223778,8.379502947624632
3784892438,13714712450,28.0923997502758
3784892439,13717223778,10.005203708000018
3784892439,7337314698,1.210148795032524
3784892439,13717223771,15.279958310249262
3784892440,3784892449,6.062828896848454
3784892443,7337314510,9.114739991162521
3784892443,13719459463,29.394030277227706
3784892443,7337314546,53.08318925723736
3784892444,13719415480,45.522414199704585
3784892444,7344507663,8.367311035057275
3784892444,3784892445,16.83401266391345
3784892445,3784892444,16.83401266391345
3784892449,3784892440,6.062828896848454
3784892449,7337314697,35.29512904699067
3784892449,7337314688,29.78593066839197
3784892449,3857017246,93.68083924094566
3784892454,7345209642,15.186355990997628
3784892454,7344507596,28.463070930375665
3784892454,3784892377,69.074429117093
3784916562,13712288844,20.09053501579043
3784916562,3784892375,56.31070726380341
3784916562,3784892371,42.56965529749358
3784916580,3784892389,19.62324840671808
3784916580,3784892392,34.005447776393524
3784916580,3784892399,45.69934405214077
3784916580,3784892394,48.51550731506691
3784973481,13712291831,10.024320401454872
3784973481,7344160322,4.484827839458174
3784973481,13712288858,35.29982366554827
3784973482,7337314627,29.940072712393402
3784973482,13712291749,4.708336096272188
3784973482,13712288874,14.590277261804424
3795370461,3857017230,6.510481342758818
3795370461,7337314601,15.292832672418104
3795370461,5013335078,49.11300780697298
3795370462,7337295175,9.653416485531078
3795370462,7337314604,4.088739001667736
3795370462,3795442856,14.243012318622606
3795370468,3795370469,23.46579005751227
3795370468,5013335078,27.12057104345249
3795370468,3795442856,24.507775285696127
3795370469,7337314601,60.425508640124775
3795370469,13712288837,34.58263540003711
3795370469,3857017237,23.337975568926744
3795370469,3795370468,23.46579005751227
3795442854,7337314501,9.935114925610346
3795442854,7337314497,14.745143285628485
3795442854,7337314498,11.249523838595962
3795442856,3795370462,14.243012318622606
3795442856,7337314498,41.57079340596755
3795442856,3795370468,24.507775285696127
3857017214,7337314621,3.027035674224398
3857017220,7341214428,45.61912743786632
3857017220,13712291663,40.93154125848389
3857017220,7337314594,35.414952843225265
3857017222,7337314612,43.6260221814544
3857017222,7337314501,39.85156707546779
3857017222,7341214428,5.370712780244171
3857017222,7337314499,9.77615002757394
3857017230,3795370461,6.510481342758818
3857017230,7337314600,15.42266646130305
3857017230,13712288856,38.72131848241477
3857017234,3784892404,24.979963028227044
3857017237,3795370469,23.337975568926744
3857017239,3784892433,22.265514132116554
3857017239,13714243122,7.917548329983233
3857017239,13714243143,4.7588478038896795
3857017246,7337314844,22.116316729304174
3857017246,7337314842,45.887055358664455
3857017246,7349773882,36.64594511568927
3857017246,3784892449,93.68083924094564
3857017251,7337314569,26.12483581176572
3857017251,3784892384,13.099660262798038
3857017251,7345008951,11.928633272146218
3857017251,13719459230,9.247984299721077
3857105679,7337314811,13.024262217159617
3857105679,13714712265,9.340228314555308
3857105679,7337314809,7.113324207788294
3857105680,2627336681,10.490867245066669
3857105681,7337314821,3.78435817890197
3857105681,13717223771,70.58293858023701
3857105681,13717208051,17.402101522385784
3857105682,4519796841,4.92502703363015
3857105682,7337314704,9.959771980036075
3857105682,7337314821,22.24719040361439
3857105688,7349773825,9.19810398676675
3857105688,7337314844,3.0382116773121566
3857105688,13719459016,10.816579154829872
3857105690,13719459453,4.677150045570467
3857105690,7337314544,60.949889145846825
3857105690,7337314516,9.538719746641426
4216237445,9842282313,18.31925852107158
4216237445,13207877036,8.4588765371103
4216237445,257490271,10.14021897784605
4318943165,13204076709,8.647865058936048
4318943165,13207883644,7.509961133544664
4318943165,13401541632,8.958577916309862
4318943165,13401541631,7.271966345505339
4318943168,4813001134,172.09323338750585
4318943168,13680160819,113.80690948490113
4318943168,13680160818,113.87939632648597
4318945843,13207897591,1.5443452757895433
4318945843,4845877798,154.9416661581173
4318945843,4845877799,154.7904145934416
4318945845,13207897592,10.48358950697351
4318945845,13207897567,9.959610769387389
4318945845,13207897554,5.653278389522299
4318945845,13207897591,4.565227357645026
4318945877,13207897554,21.560766787495357
4318945877,4845877793,109.52992474310359
4318945877,4845877792,110.0152381660893
4324478573,13208527414,11.170270743749962
4324478573,13208527408,6.42461561776527
4324478573,1738819588,68.66052179435984
4324507771,13204072491,7.287783953425034
4324507771,260060146,267.52531667763367
4324507771,12873974122,39.73264261917317
4324507772,13204076702,8.126402438102277
4324507772,13401541554,265.1528414113616
4324507772,12873974121,39.10596408027458
4324508581,12874090117,10.14125273358653
4324508581,13339217062,5.8018844214271725
4324508581,1133047011,5.03879895694167
4324508786,13401541554,2.605675019618239
4324508786,13204076705,9.2323776666655
4324508786,13204076709,31.992325386154842
4330094473,13226541910,11.70927101877077
4330094473,13226541907,6.366869784556878
4330094473,13226541916,114.5972941052675
4330094473,4813001169,43.32816165807452
4330096220,256918208,29.359096584452672
4330096394,256918208,36.84548020653524
4330096395,13208574372,6.23973417817707
4330096395,11837596243,123.18110174671654
4330096395,256917789,22.714400832915057
4330106648,256918592,6.312943884411935
4330106648,13208574330,6.414351541575544
4330106648,13208574337,7.091048346320468
4330106648,256918631,49.27953347101511
4519794965,4519794979,4.48687627295827
4519794966,13717208086,3.6445795911876173
4519794966,13717208080,26.695365903553302
4519794966,4519794979,41.719913090448784
4519794971,4519794972,51.20661216481743
4519794971,13717223602,6.190295198491226
4519794971,13717208099,6.6873015978545745
4519794971,13717208086,40.98256783192585
4519794972,4519794971,51.20661216481743
4519794972,4519796631,29.874341822257357
4519794972,10037007861,98.91829382973498
4519794976,7337314731,2.0348036072235476
4519794976,13717208080,1.8660068568640285
4519794976,4519794979,45.09077808709432
4519794979,4519794976,45.09077808709432
4519794979,4519794965,4.48687627295827
4519794979,4519794966,41.71991309044879
4519796631,7337891594,14.48160719294121
4519796631,13717208052,3.7208073064660274
4519796631,7337314699,54.00126391169844
4519796631,4519794972,29.874341822257357
4519796839,4519796843,19.504694953611423
4519796841,3857105682,4.92502703363015
4519796841,4519796842,28.64002484732295
4519796841,7337314719,50.72025798913037
4519796842,13716979552,12.452266824454973
4519796842,4519796841,28.64002484732295
4519796842,13716979581,14.2998829250823
4519796843,4519796839,19.504694953611423
4519796843,4519796844,30.506017094151613
4519796843,13716979581,15.553236970007672
4519796844,4519796843,30.506017094151613
4703074568,7341214191,4.726821509816563
4703074568,7341214187,59.31213070802832
4703074568,253290536,63.10956697766143
4703074568,7341214173,11.190044500171018
4813000850,250417682,21.02595095610895
4813000850,256916047,17.74174888100025
4813000850,7341214317,11.056653081943013
4813000850,7344965774,261.56086617333426
4813000852,13339217063,138.448195113096
4813000852,12873950497,37.77745917322135
4813000852,12874090119,6.522066925662606
4813000858,12874021793,4.25919877635078
4813000858,13201745012,6.271215698086529
4813000858,13201745031,6.856503992006806
4813000858,12874090117,13.055104895447508
4813000863,257643738,11.753637731204583
4813000863,12874021786,4.603444437198247
4813000863,13339212457,6.788153744206002
4813000863,12874090118,144.36061712187777
4813000864,257489116,46.935597827301834
4813000867,257489322,262.73985034211245
4813000867,13204076740,10.77144480463275
4813000867,13204076737,7.975550989065138
4813000867,13201761460,10.411450400876534
4813000878,13437834172,86.12104848081303
4813000878,12873974125,5.38429113722806
4813000878,13204072414,33.894816855760666
4813000879,13207897548,6.477717390782484
4813000879,7349773894,46.68496097637272
4813000879,7337314527,57.23248953150216
4813000881,13207897548,34.369115260971746
4813000881,257490303,17.716075039790397
4813000881,13680247503,14.106607570707364
4813000887,1133046912,26.02789575241901
4813000887,12875630262,5.996349995088458
4813000887,12874074193,40.41661671298956
4813000892,12874074197,4.1064226774192205
4813000892,13680247545,215.33276840725605
4813000892,257490446,6.764523167333139
4813000897,12874074189,49.44944540489538
4813000897,12874021834,235.84824904643105
4813001129,13207883628,6.28625296267997
4813001129,13401541646,36.224332031273455
4813001129,13401541645,31.93915540157689
4813001130,13680247524,5.039534417911549
4813001130,13680247526,6.182234646724607
4813001130,13207883634,6.235502860712106
4813001133,13207903634,9.83166777890386
4813001133,13207903633,9.329925031198414
4813001134,13680247516,11.48156324500187
4813001134,4318943168,172.09323338750585
4813001134,13207864992,7.869628694596716
4813001134,13207864990,8.462154494714932
4813001135,256915800,238.3186893290073
4813001135,9842307921,22.6102674822479
4813001135,13207899727,7.9049039277728435
4813001135,13207899731,7.13810089175263
4813001136,13207899727,36.099225621994016
4813001136,13680160833,457.37978128945525
4813001136,13207864990,36.35022522325242
4813001140,13680160837,15.646045670429318
4813001140,13680160833,2.5619263330946036
4813001152,7349773900,35.35530762150028
4813001152,13208005822,6.815450822219175
4813001152,13208005816,5.1115865877033135
4813001154,7349773897,13.05993375992758
4813001156,7349773885,10.695329084820074
4813001161,10700612233,7.180665136219095
4813001161,7349773878,7.067797532445189
4813001161,7349773881,112.4675651643285
4813001162,13208527755,10.823783019335584
4813001165,256917466,26.858879503268117
4813001165,13208527767,8.40444617990277
4813001165,13208527768,8.6624726197361
4813001165,13208534525,34.229965405426185
4813001166,13208543514,9.385620887219426
4813001167,13208527785,7.409556390785688
4813001168,13208527787,3.225121738283987
4813001169,13226541906,8.83490907308828
4813001169,13226430276,32.629899075694254
4813001169,4330094473,43.328161658074514
4813001170,256918187,22.356898011693925
4813001170,256918026,42.51394556210279
4813001170,13226541918,8.48302801664555
4813001173,13226430235,44.000116387262985
4813001173,13226430225,154.96728584665377
4813001173,13208574394,48.23193208543065
4813001174,13208574394,6.322938361865693
4813001174,13208574362,6.655305694125393
4813001174,13208574338,40.409349079292824
4813001174,13208574368,149.46411930024288
4813001175,13208574356,82.34563796287128
4813001175,13208574362,50.05171577111622
4813001175,13208574341,41.908549189069014
4833057131,7344974605,7.993771806763424
4833057131,256915740,46.67585212739943
4833057131,10037007958,1.919830926224695
4845845261,4845845264,44.15453866703835
4845845261,10036990167,52.222945038521196
4845845261,4845845262,7.926637101328536
4845845262,4845845263,44.38634562911145
4845845262,4845845261,7.926637101328536
4845845262,10036990168,51.17812736483122
4845845263,4845845262,44.38634562911145
4845845263,13208005857,43.84920747774214
4845845263,4845845264,8.097328987551162
4845845264,4845845261,44.15453866703835
4845845264,4845845263,8.097328987551162
4845845264,13208005856,46.50850379854718
4845877792,13680243898,95.01581086500256
4845877792,4845877793,10.808092851881769
4845877792,4318945877,110.0152381660893
4845877793,257490304,68.11380559865714
4845877793,4845877792,10.808092851881769
4845877793,4318945877,109.52992474310359
4845877794,4845877796,36.28741692941732
4845877794,13207883657,31.6605624816583
4845877794,13680247512,5.137133339603992
4845877794,4845877795,9.448599503387616
4845877795,4845877797,36.15878307083186
4845877795,4845877794,9.448599503387616
4845877795,13207883658,31.116322328738555
4845877796,4845877798,42.51938236363986
4845877796,4845877794,36.28741692941732
4845877796,4845877797,9.43445997503792
4845877797,4845877795,36.15878307083186
4845877797,4845877799,42.627438717564814
4845877797,4845877796,9.43445997503792
4845877798,4845877796,42.51938236363986
4845877798,4845877799,9.430509849973259
4845877798,4318945843,154.94166615811733
4845877799,4845877797,42.627438717564814
4845877799,4845877798,9.430509849973259
4845877799,4318945843,154.79041459344162
4855622391,11837596244,5.873240245208152
4878724552,7344974606,5.274966008529827
4878724552,7341214431,26.67758461346437
4878724552,12201211106,75.966749117871
4878724553,7341401740,17.97584267696001
4878724553,9842307711,73.70012317040768
4878724553,7341401739,121.93340452207698
5013335078,7337295175,21.31574317946688
5013335078,3795370461,49.11300780697298
5013335078,7337314602,17.204367365668894
5013335078,3795370468,27.12057104345249
5698741023,13443716856,30.900484406991897
5729371622,13401541560,33.16670563153136
5729371622,13204069025,6.3650738449506665
5729371623,13401541584,226.57909425944837
5729371623,13204076750,7.351325706097333
5729371623,13204076749,62.16285998756567
5736713095,7357389739,8.759685157375637
5736713103,7357389740,9.644611715629686
7166133265,13208558148,9.757849108533017
7199214653,13228724719,41.923261184106515
7199214653,7341214225,10.676317019881239
7199214653,13228724718,64.90264033060993
7199214656,13228724723,10.74282210415332
7199214657,13228724721,6.794076837652225
7199214658,7341214217,12.379112849318114
7199214658,7199214659,25.94902068036369
7199214658,7341214215,53.90117236362725
7199214659,7341214218,12.307742032060364
7199214659,7199214658,25.94902068036369
7199214659,7341214204,6.762819510022286
7199214663,13228724723,16.26707902535107
7199214663,7341214217,17.85567120726656
7199214663,7341214218,41.799386605770295
7225186109,7225186127,62.94689166541988
7225186109,31920269,65.86648773966637
7225186109,7225186112,23.947712896186633
7225186112,7225186123,65.87348538326724
7225186112,7225186117,71.70672246544511
7225186112,7225186109,23.947712896186633
7225186117,7225186123,15.951780047383183
7225186117,7225186122,78.4426400340869
7225186117,7225186112,71.70672246544511
7225186121,7225186127,59.75813607802103
7225186121,7225186122,21.763274702451124
7225186121,31920364,90.23451810451144
7225186122,7225186121,21.763274702451124
7225186122,7225186126,60.32162057293042
7225186122,7225186117,78.4426400340869
7225186123,7225186112,65.87348538326724
7225186123,7225186126,3.4189009206446945
7225186123,7225186117,15.951780047383183
7225186126,7225186127,19.330295727345774
7225186126,7225186123,3.4189009206446945
7225186126,7225186122,60.32162057293042
7225186127,7225186121,59.75813607802103
7225186127,7225186126,19.330295727345774
7225186127,7225186109,62.94689166541988
7229588515,7357389765,6.157448081042716
7229588523,7229588523,139.9490051223677
7229588523,7229588523,139.9490051223677
7229588523,7229588528,80.33407222257122
7229588524,7357389766,6.737760442268586
7229588528,7357389765,13.77670880297674
7229588528,7357389766,34.852399751325045
7229588528,7229588523,80.33407222257122
7337295175,3795370462,9.653416485531078
7337295175,7337314602,30.856318582157176
7337295175,5013335078,21.31574317946688
7337295179,13712291663,5.525445768993876
7337295179,13712291697,2.2274039280206135
7337295179,13712291656,30.79716173615009
7337295183,7337295184,19.02083856388968
7337295183,13714712445,39.20558199867272
7337295183,3784892392,8.763781617411968
7337295184,7337295183,19.02083856388968
7337295184,7337314486,29.620591393236857
7337295184,7337314485,17.77758580381687
7337314485,3784892380,30.03832063306467
7337314485,3784892397,18.65951440479102
7337314485,7337295184,17.77758580381687
7337314486,3784892383,6.175245065865104
7337314486,7345209630,2.328776959038083
7337314486,7337295184,29.620591393236857
7337314487,3784892397,30.350368162999814
7337314487,3784892402,13.895779922316594
7337314487,3784892400,27.06633621067477
7337314494,10037007927,8.8964339973741
7337314494,7337314636,3.795112504771202
7337314494,7341214564,13.030034161366693
7337314497,3795442854,14.745143285628485
7337314497,7337314499,38.05933822968694
7337314497,7341214566,34.07813108433456
7337314498,3795442854,11.249523838595962
7337314498,7337314500,9.121759518717688
7337314498,7337314604,25.08431918932566
7337314498,3795442856,41.57079340596755
7337314499,3857017222,9.77615002757394
7337314499,7337314497,38.05933822968694
7337314499,7341214419,15.737746550262909
7337314500,7337314498,9.121759518717688
7337314500,7337314501,14.168729992179017
7337314500,7337314612,42.52988430825855
7337314501,3857017222,39.85156707546779
7337314501,3795442854,9.935114925610346
7337314501,7337314500,14.168729992179017
7337314505,7341214427,7.477678518568522
7337314507,7345008953,5.200642729926094
7337314507,7345008954,14.001673186171075
7337314507,7345209617,10.14208304373658
7337314510,7344507663,38.986753394344596
7337314510,3784892443,9.114739991162521
7337314510,7337314754,13.425441144096563
7337314513,7344507603,23.409855087246804
7337314513,13719459016,100.38169003750215
7337314513,7337314560,12.81029082148466
7337314513,7337314516,9.193333546302036
7337314515,7349773867,26.560545149025067
7337314515,7337314516,60.14481141164636
7337314515,7349773850,9.458703528003442
7337314515,7337314544,9.318113241456143
7337314516,7337314562,12.867539436521353
7337314516,7337314515,60.14481141164636
7337314516,3857105690,9.538719746641426
7337314516,7337314513,9.193333546302036
7337314518,7337314562,41.89541773163304
7337314518,7337314546,9.153247558769644
7337314518,7337314754,38.26827804467191
7337314527,7344247830,6.004382488768368
7337314527,4813000879,57.23248953150216
7337314527,7344228368,137.29304788850533
7337314536,7337314540,8.789585896738657
7337314536,7337314539,7.921709661990627
7337314536,7337314537,193.8271813544776
7337314537,7337314539,14.539300757255766
7337314537,7337314546,40.11752649180719
7337314537,7337314536,193.8271813544776
7337314537,7337314538,72.63197076158751
7337314538,7337314539,50.21390935600934
7337314538,7337314537,72.63197076158752
7337314538,7337314540,147.79916921071487
7337314539,7337314536,7.921709661990627
7337314539,7337314538,50.21390935600934
7337314539,7337314537,14.539300757255766
7337314540,7344247830,12.268075413336522
7337314540,7337314536,8.789585896738657
7337314540,7337314538,147.79916921071487
7337314544,3857105690,60.949889145846825
7337314544,7349773887,79.7144611779206
7337314544,7349773866,25.636755683638544
7337314544,7337314515,9.318113241456143
7337314546,7337314518,9.153247558769644
7337314546,7337314537,40.11752649180719
7337314546,3784892443,53.08318925723736
7337314546,13719459453,49.93999051777267
7337314560,7337314561,57.848724985247046
7337314560,7337314562,9.1842605367009
7337314560,7337314754,70.89201517909272
7337314560,7337314513,12.81029082148466
7337314561,7337314560,57.848724985247046
7337314562,7337314516,12.867539436521353
7337314562,7337314518,41.89541773163304
7337314562,7337314560,9.1842605367009
7337314563,7337314754,17.183353506955008
7337314563,7337314563,161.5727256167964
7337314563,7337314563,161.5727256167964
7337314569,13719459463,9.65043994834115
7337314569,3857017251,26.12483581176572
7337314569,3784892378,67.8719609817152
7337314570,7337314572,17.6838920693202
7337314571,7337314572,17.214085429121887
7337314571,7337314585,30.054153328941716
7337314571,13712291778,80.09585581745395
7337314572,7337314571,17.214085429121887
7337314572,7337314570,17.6838920693202
7337314572,13712291778,29.916700524236855
7337314574,7337314575,56.771809110491795
7337314574,13712291774,18.30341764781319
7337314574,7345209643,21.22285822936397
7337314575,7337314574,56.771809110491795
7337314575,7337314586,4.39508083868444
7337314575,7337314755,3.906314362620894
7337314576,7337314588,7.229270465614288
7337314576,7345209639,0.7785718667704183
7337314576,7345209640,28.735004208201154
7337314582,7337314585,2.7855118658428486
7337314582,7344247829,4.627317951182794
7337314582,13719459473,31.820201785194122
7337314585,7337314755,8.00976463196125
7337314585,7337314582,2.7855118658428486
7337314585,7337314571,30.054153328941716
7337314586,7337314588,20.74140711531921
7337314586,7337314575,4.39508083868444
7337314586,7344228377,4.240986132129099
7337314588,7345008962,30.59511299811695
7337314588,7337314586,20.74140711531921
7337314588,7337314576,7.229270465614288
7337314592,13712291683,15.844055639411538
7337314592,7337314594,10.630617767357066
7337314592,13712291739,41.671272466116626
7337314594,7337314635,8.277554640319483
7337314594,7341214425,16.274355607479848
7337314594,3857017220,35.414952843225265
7337314594,7337314592,10.630617767357066
7337314600,3857017230,15.42266646130305
7337314600,3784892371,2.950625959825743
7337314600,3784892370,20.95107107104576
7337314601,13712288838,6.742131187693499
7337314601,3795370469,60.425508640124775
7337314601,3795370461,15.292832672418104
7337314602,7337295175,30.856318582157176
7337314602,13712288856,4.302800216802289
7337314602,5013335078,17.204367365668894
7337314604,3795370462,4.088739001667736
7337314604,7345209636,3.4417872834284307
7337314604,7337314498,25.08431918932566
7337314610,7337314612,20.642726759943812
7337314612,7344507661,11.535916586884046
7337314612,3857017222,43.6260221814544
7337314612,13685458435,15.969451427560251
7337314612,7337314500,42.52988430825855
7337314612,7337314610,20.642726759943812
7337314613,13712291749,19.16806092350246
7337314613,7344507658,18.478585199897903
7337314613,7337314614,12.754798970595685
7337314614,7344507592,2.246123940253703
7337314614,7337314613,12.754798970595685
7337314614,13712291750,22.2495027477205
7337314615,7344228367,163.1855636533493
7337314615,7344228361,85.91738265192313
7337314615,7337314756,7.9219698629596085
7337314617,7337314619,12.002721851784308
7337314617,7337314623,25.412462987370265
7337314617,7337314756,8.585673411755238
7337314617,7337314626,77.47070256023694
7337314619,7337314617,12.002721851784308
7337314619,7341214468,37.93690125248176
7337314619,7337314621,34.14824477980067
7337314621,7337314623,6.321946449111091
7337314621,3857017214,3.027035674224398
7337314621,13712291699,9.787046826901857
7337314621,7337314619,34.14824477980067
7337314623,7337314621,6.321946449111091
7337314623,13712291739,9.64405172434432
7337314623,7337314617,25.412462987370265
7337314626,7337314632,9.040830176215847
7337314626,7341214465,73.0159345787552
7337314626,7337314617,77.47070256023694
7337314626,7345008962,33.89068830651398
7337314627,7344160317,30.866254374918192
7337314627,3784973482,29.940072712393402
7337314627,7341214465,12.431197956093662
7337314632,7344228369,67.18627090239676
7337314632,7337314756,77.32618025899484
7337314632,7337314626,9.040830176215847
7337314635,7337314594,8.277554640319483
7337314635,7344228361,7.518399539968834
7337314635,353636838,9.596771269738285
7337314635,7337314756,85.7957495322865
7337314636,7337314494,3.795112504771202
7337314636,7337314637,70.90609441563949
7337314636,13712288837,20.064146991570333
7337314636,10037007926,18.14484111213621
7337314637,7337314636,70.90609441563949
7337314637,13712288835,25.94004973300954
7337314637,7337314638,10.693881614194645
7337314638,1738818560,8.646158178986388
7337314638,13714225958,74.67994388100023
7337314638,7337314637,10.693881614194645
7337314638,7344507656,32.831673319485795
7337314639,13714711978,14.588712971319286
7337314639,13712288834,47.63013559475384
7337314639,7344507656,52.23934753886002
7337314660,7344507656,48.25466895361924
7337314660,7344507647,14.61082598081023
7337314660,13714243122,13.431645906199623
7337314670,13714711912,16.00239833422997
7337314670,3784892410,9.41738247852139
7337314670,7337314671,7.848711632800214
7337314671,3784892410,5.504976953785467
7337314671,7337314670,7.848711632800214
7337314671,13714711908,7.265464115665747
7337314686,7337314688,13.439832703724521
