u,v,length
35485240,12488782137,9.56387998272055
35971851,7838027575,5.804226797167413
35971857,4351161235,46.45997599132574
49615935,9170710904,15.001060095689697
49615935,13191921349,8.039685465828075
49615935,12974551861,86.15323683705887
49616078,4913814792,29.724374109334157
49616191,10845508558,8.532429948869993
49616191,9049548134,8.242230964877036
49616191,9049548128,8.119513944162746
60360164,809275036,9.427039496051691
60360164,60360166,11.694027335584805
60360164,60360208,24.387462706387744
60360166,60360164,11.694027335584805
60360166,60360208,11.414336990705095
60360166,809275071,9.641763913879439
60360166,10845498589,7.763727990289395
60360172,7838027692,12.257283712344698
60360172,4124770391,38.0455281564398
60360172,60360180,108.6064235949924
60360172,60360180,108.79007562152871
60360180,809275058,12.712401058102184
60360180,11395268512,63.6511807107179
60360180,60360172,108.60642359499239
60360180,60360172,108.79007562152871
60360186,11395268514,9.28119759217825
60360186,11395268512,8.330113963605582
60360186,809275083,11.329373495214625
60360186,809275056,14.45258363566309
60360208,60360166,11.414336990705095
60360208,10845498590,7.452916102893077
60360208,60360164,24.387462706387744
60360239,4175105138,22.601709636647414
60360273,430856769,44.69357156045705
60360273,430856838,49.29543165942407
60360273,430857028,49.6150654608049
60360273,430857009,50.601354463432656
60360315,8095157689,8.989487801314121
60360315,8095189318,15.997085774799666
60360315,7854384586,10.902657181614842
60360315,8095157714,8.19160700340561
60360316,10053875104,8.793171960649172
60360330,7854384647,1.7959402463598177
60360330,8095189420,112.37894086015133
60360330,8095189420,106.56183542815529
60360337,7832769369,9.32029849998406
60360337,1287736702,10.45760765141085
60360337,7854359444,7.034059900200852
60360337,7854384587,8.130914566404948
60360351,7854384643,8.363317302513025
60360351,7835344927,9.729697926623917
60360351,7854359442,8.155737657483048
60360358,7854384646,10.346029332636363
60360358,7854384649,67.37893167888579
60360358,1287736695,18.520305137737772
60363058,7838027474,7.516289575012585
60363058,4175106333,78.186137744942
60363058,7838027522,95.56477900573931
60407136,1812112201,9.449408001673692
60407136,5319345310,8.526589729707386
60407136,13191921333,12.078448198126834
60407136,1245014867,14.280038190751988
60407180,1132520388,25.78607785173007
60407180,7838027520,37.77985459322418
60407180,1895609895,39.00788718520151
60407188,11361006544,7.7209160824866565
60407188,8105701672,8.663692260235146
60407188,9951506861,32.68093120699693
60407192,373155053,43.426340580076015
60407226,1966262546,19.241818866847684
60407226,8192369613,9.006504236039415
60407226,1966263248,6.762414839486669
60407247,8119481542,7.939391288088972
60407247,1966278318,39.2160301721988
60407247,7869345445,24.46204650156769
60407247,7854384635,54.01527813552326
60407253,8119481550,6.257660971907021
60407255,9981919353,13.690817063812089
60407256,11885254384,5.998573561078515
60407256,1966261748,16.46727963896005
60407256,8119541237,24.41662977249738
60407260,1966261746,18.928617913563805
60407260,1966261748,34.6732627371474
60407260,1112666370,86.96529831666625
60407269,7983169980,8.897535229783994
60407269,430858812,11.308679378270156
60407269,7983169987,5.865978471537243
60407269,7983164273,20.911098945090423
60407289,9951910679,23.235635989002624
60407289,9951548930,10.48843339038141
60407289,9951548931,18.549120161840325
60407292,11361006531,40.19778881681062
60407292,373155950,16.42861484304149
60407292,8082432853,82.4273085787006
95661458,2689735836,8.53382270325342
95661460,7427978428,19.882134021539382
95661460,291606236,17.96542995564626
95661460,291606236,32.174367208582495
95661460,7427978424,13.521461435545126
146203637,8099166967,8.460206607260117
146203637,8099166988,22.19668904583696
146203637,146203665,56.08790732305029
146203637,1936247633,60.38970081076076
146203665,8099166966,11.463831414329224
146203665,8099166981,25.696560609044564
146203665,146203637,56.08790732305029
146203665,1936247633,59.093456547343735
152555419,365665649,103.13788318785396
152555419,365665665,7.717876881825363
152555419,8095126678,7.615256987638823
152555940,3310314128,5.113863526677649
152555940,383411590,94.67121405089823
152555940,8178001138,6.974322058564011
152555940,7865790112,122.60961573496078
152633182,373159894,40.631247098165744
152633182,7983169936,72.76724611725999
152633182,8195607704,6.648967213728945
291602960,1578945929,14.998955742475763
291602960,3720013651,7.166425542594138
291602960,1578945928,31.601051968915524
291603680,11280441481,8.37774147402755
291604257,11280441477,11.255045319706646
291605453,12974551862,18.359441160700953
291606236,95661460,17.96542995564626
291606236,95661460,32.174367208582495
291606236,7427978427,13.189529180621449
291607601,2284481660,11.570476085609974
291607602,8117708910,30.927822562132803
291607602,8117708911,31.636259103981715
291608072,8095189384,9.369305604372787
291608247,2689735831,10.071509205266379
365650453,7831100631,7.969430182731644
365650494,7831226943,8.113413020392631
365650499,365650503,18.53363444982392
365650499,7854384650,10.521311809359448
365650499,8095189407,9.88501834089311
365650503,365650499,18.53363444982392
365650503,8099455703,7.357299828583554
365650503,7854384649,10.741572866453568
365650540,8099476118,11.736255636902213
365665649,8095157697,7.989886113176062
365665649,152555419,103.13788318785396
365665649,8095189405,41.07405907394546
365665657,2767173652,8.151584507317542
365665657,9244703438,28.011108381783732
365665657,12494932487,41.28048867990741
365665662,8178082291,39.715374741524414
365665665,8095157694,7.73217566536684
365665665,152555419,7.717876881825363
365665665,3310314127,116.96934383134443
365665668,8178082291,10.948400274854166
365665668,8095189320,9.970548590968217
365665668,12494932513,18.2688542998419
365665668,365665672,23.10706468299169
365665672,365665668,23.10706468299169
365665762,8098801558,4.516961996458427
365665762,1895622038,57.652774299635624
365665762,8098801568,68.20614758343949
371845040,13085619810,5.753831180277357
371845040,1812112200,21.791778777951208
371845040,809275058,24.90488699993422
371845047,13085619959,5.580656292099488
371845047,13085619963,36.97837744400025
371845047,1245014861,51.74559996649265
371845047,1812112218,7.982758034750288
371845053,371845127,85.96691992604089
371845053,373134849,17.907799835811705
371845053,5319345310,148.8891444915592
371845060,13085619975,6.073865324878335
371845060,13085619978,5.724269016525388
371845060,13085620060,37.24848350920991
371845072,8098919747,10.064207640286105
371845072,391903912,10.907982177787487
371845072,2463019667,110.28706749114187
371845072,13327151315,73.78123862855061
371845078,373140713,49.33203608905363
371845078,373140722,92.17071127298533
371845078,373141039,8.819368518888053
371845087,13085619943,6.1824555445738625
371845087,1245014866,94.87963801241654
371845087,373140722,78.90431911653911
371845093,13085620060,5.386382874920124
371845093,13085619963,6.16915203179307
371845093,13085619944,7.823674083257665
371845093,13085620056,5.658996073940551
371845097,373140450,42.98739733724403
371845097,373139433,42.44435420306613
371845097,13085619995,5.882111438995748
371845103,13085620000,6.351927148513209
371845103,13085620003,78.39484961419073
371845103,13085619978,79.6834704440544
371845108,13085620053,8.90180437881217
371845108,13085620003,6.516145092403502
371845108,13085620055,7.76039397192028
371845108,13085620041,6.99311485836019
371845116,11165379101,7.545709504842847
371845116,371845127,85.06249501863887
371845116,373134344,19.268943968103656
371845120,373135200,41.15972551040712
371845120,373135017,43.71458574655334
371845120,13085619871,5.424590162646962
371845127,371845116,85.06249501863887
371845127,371845053,85.96691992604089
371845127,373134342,18.271019272476636
371845135,373133774,43.07868835134164
371845135,373130997,42.697770255131466
371845135,13085619844,5.9523297413565555
371845142,373134346,17.53600226696961
371845142,809275036,160.13612500929722
371845142,373130993,44.25665563405451
371845142,11165379101,77.5485040232813
371845142,11165385611,9.501241621854362
371845149,373138914,42.26233242082254
371845149,2665814701,43.23762654905659
371845149,13085620034,5.688176144721728
371845155,13085620053,76.8131878435483
371845155,13085620039,6.1417742070643095
371845155,373142684,45.878901321362484
373130993,373131132,46.55233056356088
373130993,10845498556,9.156414489776777
373130993,371845142,44.25665563405451
373130997,371845135,42.697770255131466
373130997,1812112200,4.527516402763275
373130997,13085619806,5.878375612833327
373131132,373130993,46.55233056356088
373131132,10845498558,7.976876637558171
373131132,809275071,68.19983162200411
373131134,373131135,21.68729170347987
373131134,10845498558,20.718522431123414
373131134,373131139,47.516218610856725
373131134,373131137,45.085214622609065
373131135,373131134,21.68729170347987
373131135,373131708,27.552130372601425
373131135,13085619831,3.0581537782219064
373131137,373131200,22.047969966641666
373131137,373131134,45.085214622609065
373131137,10845498556,21.24828278733783
373131139,373131134,47.516218610856725
373131139,373131141,15.340855952993039
373131139,373131145,27.91933846275129
373131141,373131139,15.340855952993039
373131145,373131147,17.273549215441616
373131145,809275062,19.466709255824412
373131145,373131139,27.91933846275129
373131145,13085619831,42.702790894379305
373131147,373132471,28.183568886168008
373131147,373131145,17.273549215441616
373131147,13085619832,30.95067608177553
373131200,373131710,42.64222751341934
373131200,373131137,22.047969966641666
373131200,373131708,17.26647105501061
373131708,373131200,17.26647105501061
373131708,373131135,27.552130372601425
373131708,373131718,20.265658883686967
373131710,373131200,42.64222751341934
373131710,373131712,17.816609068512854
373131710,13085619806,45.899708248068976
373131712,373131718,22.803860432930314
373131712,13085619807,46.0452180499598
373131712,3405686634,1.703776634094183
373131712,373131710,17.816609068512854
373131718,373131708,20.265658883686967
373131718,373131712,22.803860432930314
373131718,13085619832,29.88616570896615
373132471,3405686640,28.827537248969545
373132471,373131147,28.183568886168008
373132471,809275081,18.94831840467271
373132471,3405686634,45.21507998128415
373133521,373134346,37.415760021918494
373133521,13085619844,94.28221884301612
373133521,13085619839,6.179732709170928
373133530,373134344,36.38108495858388
373133530,13085619854,94.13427075245225
373133530,13085619837,6.076793842262287
373133530,13085619851,6.3183879513944
373133539,373134342,36.945084309271834
373133539,13085619871,94.50882694565914
373133539,13085619866,6.317751601481511
373133539,13085619849,6.127972062736626
373133771,13085619858,7.094854967905718
373133771,13085619856,7.236019736719901
373133771,13085619854,7.401925553459648
373133771,13085619859,6.766429580319917
373133772,13085619837,36.64103414492098
373133772,13085619839,36.44183043239017
373133772,13085619838,94.7872507206157
373133774,13085619856,35.62780778317868
373133774,371845135,43.07868835134164
373133774,13085619838,6.061813110515398
373134342,373133539,36.945084309271834
373134342,13085569696,5.877438482533698
373134342,13085569697,6.641272048770381
373134342,371845127,18.271019272476636
373134344,373133530,36.38108495858388
373134344,13085569694,6.529902720836252
373134344,13085569695,6.204349824930563
373134344,371845116,19.268943968103656
373134346,371845142,17.53600226696961
373134346,373133521,37.415760021918494
373134346,10845498559,6.67848226257866
373134346,13085619803,5.651679495942738
373134849,373134851,36.84274727176191
373134849,13085569698,5.824881844788815
373134849,13085569699,6.548407558725976
373134849,371845053,17.907799835811705
373134851,1811961674,5.873016942728041
373134851,373134849,36.84274727176191
373134851,13085619864,5.474427966727046
373135017,371845120,43.71458574655334
373135017,13085619858,34.50918999055804
373135017,13085619850,5.742222855004457
373135021,13085619850,94.6989530058959
373135021,13085619849,36.59993308235995
373135021,13085619851,36.16016124199182
373135200,371845120,41.15972551040712
373135200,13085619865,5.497410428980055
373135200,13085619959,38.26491162544458
373135205,13085619866,36.89717837535635
373135205,13085619865,94.64176952662584
373135205,13085619864,36.79200111040377
373136261,13085619859,35.80166405096411
373136261,13085620050,6.634880166094693
373136261,13085620057,5.68482436594853
373136261,13085620055,35.9966793576857
373137410,13085620023,10.958372054073136
373137410,13085620022,9.737607149491893
373137410,13085620021,5.598434247958863
373137410,11236033862,9.686856375002645
373138739,13085620039,37.13163369003086
373138739,13085620017,5.823168186635324
373138739,13085620034,89.1939802757371
373138746,13085620021,89.10141064723248
373138746,13085620006,5.906734373824989
373138746,13085620015,6.418728694011934
373138746,13085620041,36.6841578466954
373138911,13085620015,36.32880509402059
373138911,13085620017,36.66852910455149
373138911,13085620016,88.97254530047037
373138914,13085620022,32.2209529137283
373138914,371845149,42.26233242082254
373138914,13085620016,5.452744153056039
373139433,371845097,42.44435420306613
373139433,13085620023,32.270189161770936
373139433,13085620005,5.556185656615047
373139438,13085620004,36.41439260237916
373139438,13085620006,36.32467762553039
373139438,13085620005,89.46933621458975
373139445,13085620000,37.052333071694356
373139445,13085619981,6.31116411831839
373139445,13085620004,6.208676315990432
373139445,13085619995,89.28194262618804
373139451,1812112313,50.481506610529024
373139451,13085619930,7.279735659282364
373139451,13085619979,5.333892340579726
373139451,13085619975,37.431737225407815
373140450,11705061174,35.01987281684438
373140450,371845097,42.98739733724403
373140450,13085619980,5.617388577324081
373140457,13085619979,37.39259641080029
373140457,13085619981,36.33270598790803
373140457,13085619980,88.89366780144279
373140713,11705061178,47.48785354922868
373140713,13085619929,7.542810857560009
373140713,371845078,49.33203608905363
373140717,1245014871,41.93143184342261
373140717,13085619930,49.80114717624059
373140717,1812112315,49.66307243690043
373140722,1245014871,6.154224396043466
373140722,371845087,78.90431911653911
373140722,371845078,92.17071127298534
373141039,371845078,8.819368518888053
373141039,11137503538,167.90990862106355
373141039,1812112202,371.38750783214545
373141039,11705061177,99.89721368681573
373141811,1812112218,74.43021852434008
373141811,13085619886,41.5235731318706
373141811,13085619891,40.88116666464298
373142684,2665814700,5.959013149293508
373142684,371845155,45.878901321362484
373142684,809275056,35.10729133536
373142684,13085620051,7.2762718203666195
373142689,13085620046,37.39978012330682
373142689,13085620051,36.482124077630125
373142689,13085620050,125.8233848023199
373150584,7838027561,149.7941311624948
373150593,7838027561,7.738838485341036
373150855,13535860070,10.76767230066494
373150855,8105701723,83.82146536805055
373150855,7838027527,75.46072593762827
373152746,10117721102,3.9212786820570527
373152746,7884326368,10.438140711282507
373152746,430846459,14.870943534470282
373152887,8105701682,7.897003958412112
373152887,7884326326,50.58047143994256
373152887,7884326355,21.20917916450943
373152887,11361006532,9.390112149885463
373152891,7884326349,5.175317768570265
373152891,8105701682,105.39914840128822
373152891,373152894,57.391068868863194
373152891,11361006505,54.67720730110823
373152894,373152891,57.391068868863194
373153421,11361006525,8.78462788725087
373153421,11361006536,12.275798106818506
373153421,11361006526,2.238714493356121
373153421,547747511,22.790982480031264
373153423,9951910591,9.853869020345149
373153423,8099328705,8.663168250186942
373153423,9951910587,12.612246898889444
373153425,8082432903,44.43591238003202
373153425,8099328695,28.12498288034747
373153425,8099328705,6.322424005318405
373153425,11361006535,12.061192051453311
373153426,8082432858,7.4771591179790065
373153426,8082432888,12.907869497762476
373153426,8099328801,13.38725294789468
373155053,11361006548,2.5324695073079453
373155053,7831100617,11.802852280728686
373155053,60407192,43.426340580076015
373155053,8105701718,71.6007261952073
373155950,7983169986,155.6472928156483
373155950,1895620911,38.87126837727898
373155950,60407292,16.42861484304149
373156200,10187458877,11.57111393713111
373156200,1132520999,26.836200860462334
373156200,10187458878,10.641571079107624
373156200,9951548847,32.18043749567371
373157999,1563046438,23.347691540044934
373157999,8082432858,12.462005105996766
373157999,8099328788,12.759824085002279
373157999,11256387531,18.25389117257834
373158003,373158844,52.065451154270846
373158003,8099328762,41.25263311512044
373158003,8165693785,27.712488683081244
373158844,1895622020,12.763131401617683
373158844,8098801568,6.1746405912369475
373158844,373158003,52.065451154270846
373159889,373159891,40.02418303919273
373159891,373159894,10.660411649448056
373159891,8195607705,4.253815046099642
373159891,373159889,40.02418303919273
373159891,9951910530,81.68642254803076
373159894,373159891,10.660411649448056
373159894,152633182,40.631247098165744
373159894,7983169980,106.92593694267906
373160318,8195607693,7.175176331888914
383411590,152555940,94.67121405089823
383411590,1112700384,8.085541279958258
383411590,8095189384,109.72744324801015
391899422,8095126731,34.05253204797246
391901439,8095157687,8.722306469990018
391901439,8095157714,61.498986867102005
391901439,8095189403,27.24322380041699
391903912,371845072,10.907982177787487
391903912,809275023,9.445928304981292
391903912,7831100677,194.00415207323041
391903912,13327151315,74.06183840400803
414425398,11280441486,28.34778034771038
414468921,7434839560,92.4380363994955
414468921,8178005736,19.704573019281465
414468921,7434839569,284.3752423729552
430844033,5360777476,41.33679670372661
430844033,9951506889,28.498985021895777
430844033,4568714146,37.99524138638813
430846459,8105701682,4.2956750653409745
430846459,373152746,14.87094353447028
430846459,12980661985,7.915968435624437
430852918,1989052210,6.851152308892715
430852954,7831100624,7.550029120625886
430852954,10187458908,63.06653308670751
430852954,7831100631,80.53185944089745
430852954,1895608762,23.105405801712177
430852954,1895608762,23.07259517840322
430856769,8105226152,50.02082004525845
430856769,60360273,44.69357156045705
430856769,2576860378,26.91126087307557
430856784,8105701733,9.301475865230104
430856784,8105226152,15.496875919280374
430856784,7838027600,20.689955842059454
430856838,2576860378,12.440859249667135
430856838,430857006,20.127994638715574
430856838,60360273,49.29543165942407
430856888,7838027599,3.7643207736845494
430856888,430857006,46.80094481037417
430856888,7838027589,8.482297958084303
430856915,430857006,34.38334525911048
430857006,430856838,20.12799463871557
430857006,430856888,46.800944810374176
430857006,430856915,34.38334525911048
430857009,7838027533,5.257981571311776
430857009,60360273,50.601354463432656
430857009,4179165622,19.86567739725882
430857028,60360273,49.61506546080491
430858211,8095157671,10.473890054632944
430858211,8165693805,7.16186305523585
430858211,8165693811,107.05636722639575
430858211,8165712623,42.555276937565345
430858812,7983169979,11.139040351673867
430858812,8098801558,5.544358275042781
430858812,60407269,11.308679378270156
430858812,1895622055,65.62356389135637
430858820,9951899002,50.94513660215056
432736565,2689732657,7.635256586723709
500889966,10225181678,25.719693794290265
500889966,10225181679,82.24024537261998
500889966,10225181661,47.36813879848084
547747511,547747612,33.44578553488208
547747511,373153421,22.790982480031264
547747511,13249100543,18.073784212531596
547747511,13249129465,10.972218639213299
547747562,7427978436,42.61505257889992
547747571,7427978583,61.263264976994705
547747571,7427978564,20.235213523970017
547747571,7427978436,87.27966609063175
547747612,11361006525,15.562890512538106
547747612,547747511,33.44578553488208
547747612,7884326330,56.763659552745466
547747612,4568714146,35.61019591965746
686065607,13085619787,38.80511293426578
686065607,13085619781,6.37297086132905
686065607,13085619788,81.45215357727685
686065608,686065634,43.6143133301925
686065608,13085619710,6.4675310414560006
686065608,7838027650,6.539048522616986
686065608,686065636,17.188015458917583
686065610,686065651,42.680405410067834
686065610,686065654,26.064261148988617
686065610,13085619787,5.553923084271532
686065611,7838027694,4.7515537953954015
686065615,686065634,41.9096198546487
686065615,13085619746,7.053330699231466
686065615,686065638,49.94187753801245
686065616,686065627,25.332207226886442
686065616,13085619757,5.774736452520041
686065616,686065639,42.672576899220864
686065617,13085619782,4.679075721842432
686065617,686065654,98.13041299176777
686065617,686065641,108.93505888789345
686065622,13085619781,36.78161679034906
686065622,13085619782,36.50502620919019
686065622,13085619763,67.09910864416588
686065624,686065639,25.612420315290493
686065624,8119577337,7.627114990082354
686065624,1812112211,50.30523584338977
686065627,686065616,25.332207226886442
686065627,8119577346,7.359077564303543
686065627,686065651,17.43722227603166
686065634,686065615,41.9096198546487
686065634,686065608,43.6143133301925
686065634,13085619752,7.386709588553738
686065636,13085619711,6.58921011850721
686065636,1110038804,9.094469175073186
686065636,686065608,17.188015458917583
686065638,13085619788,6.535473990771092
686065638,686065641,43.19067068510849
686065638,686065615,49.94187753801245
686065639,686065624,25.612420315290493
686065639,13085619714,5.59736504114685
686065639,686065616,42.672576899220864
686065641,7838027644,6.476036316579569
686065641,13085619763,6.696780635298755
686065641,686065617,108.93505888789343
686065641,686065638,43.1906706851085
686065649,2473863412,48.99969960842862
686065649,2474029547,15.6251977881404
686065649,8119577343,7.594088599374426
686065651,13085619747,5.610331310726471
686065651,686065610,42.680405410067834
686065651,686065627,17.43722227603166
686065654,686065610,26.064261148988617
686065654,8119544508,6.525507555130978
686065654,686065617,98.13041299176777
686065656,2473865427,22.62305955325415
686065656,2473863412,43.7737900024709
686065656,8119577340,6.950723193495691
686065657,7838027644,227.67130013146087
686065657,7838027650,36.69474304584534
686065657,7838027694,35.399559544202624
686065664,13085619886,7.090675261553797
686065664,13085619944,64.65304289272018
686065664,13085619943,37.403221572914944
809275023,391903912,9.445928304981292
809275023,7838027626,6.993108284318394
809275023,8119577329,5.597353564436725
809275023,1812112276,37.73041597321888
809275036,371845142,160.13612500929722
809275036,60360164,9.427039496051691
809275036,10845498554,6.494278442734873
809275036,809275071,11.745856995846662
809275056,60360186,14.45258363566309
809275056,373142684,35.10729133536
809275056,13085569687,6.788774271112103
809275056,13085620026,5.951540842668593
809275058,60360180,12.712401058102184
809275058,13085619809,5.038764338545647
809275058,13085569688,7.200995037202908
809275058,371845040,24.90488699993422
809275062,373131145,19.466709255824412
809275062,10845498588,55.47976422608138
809275062,809275081,51.23743325989362
809275071,60360166,9.641763913879439
809275071,373131132,68.19983162200411
809275071,809275036,11.745856995846662
809275071,10845498588,8.420005049713149
809275081,373132471,18.94831840467271
809275081,809275062,51.23743325989363
809275081,13085619809,50.957286519110156
809275083,60360186,11.329373495214625
809275083,1812112211,36.578302547605425
809275083,7838027690,7.389310209173238
809275083,7838027689,6.617836846014152
921106667,7831226971,34.99817544822068
921106667,7835344921,36.49596096703969
921106667,1112346796,10.1098305432672
921106667,9981871973,75.50008527243857
1110038797,4472500521,60.80616602409328
1110038797,1811961668,31.822742884346845
1110038797,1811961677,13.746193739330943
1110038798,1110038800,75.96333953630746
1110038800,1812112209,14.990646071219022
1110038800,1811961677,29.237182851271736
1110038800,1110038798,75.96333953630746
1110038804,13085619712,6.3302043826705905
1110038804,7838027692,21.737375733697423
1110038804,686065636,9.094469175073186
1112346769,11361006527,15.783234163392688
1112346769,8082432904,4.206629680168982
1112346769,8082432904,39.047028349791574
1112346796,7835344916,5.6350064077291995
1112346796,7835344922,35.45624469784549
1112346796,7832769366,40.467469457762704
1112346796,921106667,10.1098305432672
1112358368,8165693782,14.098133285183588
1112358368,8165693813,4.755048913410522
1112358368,1895622016,5.67218851153523
1112358369,8099328757,85.12453305247814
1112358369,8099166948,3.051039905931985
1112358369,8165693782,34.939098167903076
1112358369,7835344915,11.103667051339725
1112358385,8165693813,15.391231954156147
1112358385,8165693816,20.811893834865103
1112358385,8165693811,58.236580605561
1112666370,60407260,86.96529831666625
1112696786,13205969850,16.56023838474831
1112700384,383411590,8.085541279958258
1112700384,8177952007,6.302622795157674
1112700384,8177952008,6.063926875499453
1112700384,8177968928,9.320640059702653
1132520388,60407180,25.78607785173007
1132520388,1895609895,28.396087826886863
1132520388,8097383853,6.473566914841393
1132520996,1132520999,25.188992171518873
1132520996,8105701704,34.8618638082055
1132520996,7884326337,17.560186816537474
1132520998,8105701704,1.1679655457430154
1132520999,8105701704,22.278596720520145
1132520999,8105701706,25.32272160273502
1132520999,1132520996,25.188992171518873
1132520999,373156200,26.836200860462334
1132521002,10187458877,24.50139457190435
1132521002,8105701706,1.2129009519606824
1132521002,8156410416,15.404493682619618
1245014861,371845047,51.74559996649265
1245014861,1811961674,43.916989379076924
1245014861,13085619896,6.6200380932046565
1245014866,13085619901,6.6903590881751756
1245014866,1812112201,100.16711581793828
1245014866,371845087,94.87963801241654
1245014867,60407136,14.280038190751988
1245014867,9170710904,74.13790371422931
1245014867,13191921304,11.197828888859014
1245014867,1812112202,10.649452404319304
1245014871,373140722,6.154224396043466
1245014871,373140717,41.93143184342261
1245014871,10905753384,38.25201710977153
1245014871,13085619929,129.51354854876027
1287736695,7854384647,12.24330143485292
1287736695,7854359478,6.279776156554867
1287736695,7854384650,68.32687319433006
1287736695,60360358,18.520305137737772
1287736702,60360337,10.45760765141085
1287736702,7854359457,8.142356844778984
1287736702,7832769367,9.547416671615855
1287736702,7854384586,105.31035006025904
1353171756,3310314127,1.6692818101385365
1353171756,3310314128,3.885570547844168
1353171756,8095126681,7.045698198544706
1390247799,10225181668,6.676838875430774
1390247802,7495569957,58.590850266881574
1395134509,1917564586,104.62378803891532
1563046438,11256387532,38.455269482214895
1563046438,373157999,23.347691540044934
1563046438,8099328752,13.041300031257304
1578945925,1578945928,124.20754780360909
1578945928,291602960,31.601051968915524
1578945928,1578945925,124.20754780360909
1578945928,11280441503,22.627222073770078
1578945928,8099476060,16.87976085059041
1578945929,291602960,14.998955742475763
1578945929,1578945932,136.3207209857332
1578945929,11280441502,15.750749374434985
1578945929,8099476063,23.44668440550072
1578945932,1578945929,136.3207209857332
1700087085,7835344932,6.759694162882414
1700087085,3342395067,96.88395358561955
1700087085,7835344939,59.375467877422984
1700087085,8099166966,8.4324184764487
1700087088,8099166967,11.716124608959563
1700087088,7835344915,5.175647431321471
1700087088,7835344937,59.57110099470029
1700087088,7835344922,85.43833025711274
1756709918,9050912789,6.9690751416354395
1756709918,10225181655,43.880475351990036
1756709918,9050912787,5.508188681431197
1756726816,11165379095,111.1984626081964
1811961662,1811961668,24.40185781120511
1811961662,13085619730,16.026223229128835
1811961662,13085619712,33.1509269857454
1811961663,1811961670,43.414287638001696
1811961663,13085619710,45.57050472836617
1811961663,1811961667,17.722709795110948
1811961667,6225873772,2.7244254002980823
1811961667,13085619711,46.03559032631541
1811961667,1811961663,17.722709795110948
1811961667,13085619722,10.82162674058871
1811961668,1811961662,24.40185781120511
1811961668,1110038797,31.822742884346845
1811961668,6225873772,45.44902267526645
1811961670,13085619714,43.15171089913302
1811961670,1811961663,43.414287638001696
1811961670,1811961672,16.970231845833556
1811961672,1811961670,16.970231845833556
1811961672,4472500521,19.453955885514645
1811961672,1811961677,73.82743197319512
1811961673,1811961679,36.287523446717266
1811961674,1245014861,43.916989379076924
1811961674,373134851,5.873016942728041
1811961674,13085619881,6.907870914908631
1811961675,1811961677,19.915560385896438
1811961675,13085619789,57.23348285517286
1811961675,7838027691,102.07396108694941
1811961677,1811961675,19.915560385896438
1811961677,1110038797,13.746193739330943
1811961677,1110038800,29.237182851271736
1811961677,1811961672,73.82743197319512
1811961679,13085619881,93.65793084587717
1811961679,13085619880,40.69714248631139
1811961679,1811961673,36.287523446717266
1811961680,13085619891,6.108868293327224
1811961680,13085619880,6.228868711854066
1811961680,13085619901,38.20594871071936
1811961680,13085619896,84.56124124054384
1811961897,9050912789,2.984513863511988
1811961897,9049561900,88.61177478139761
1811961897,7495569957,12.190290350902824
1812112135,1812112157,17.196730285031645
1812112157,1812112135,17.196730285031645
1812112157,7838027668,45.941246353535384
1812112157,1812112195,86.51664319866106
1812112157,7838027694,302.4891387013305
1812112160,1812112169,8.364395661608988
1812112160,1812112169,43.741053726948174
1812112160,1812112165,12.368329998496154
1812112165,1812112160,12.368329998496154
1812112165,1812112171,13.075036767122292
1812112165,1812112171,13.10202049439611
1812112169,1812112160,8.364395661608988
1812112169,1812112160,43.741053726948174
1812112169,7838027673,17.91862900553927
1812112171,4810314815,35.28944505350318
1812112171,1812112165,13.102020494396104
1812112171,1812112165,13.07503676712229
1812112195,4810314815,43.61287367554614
1812112195,1812112157,86.51664319866104
1812112195,4810314942,64.62851933496285
1812112200,373130997,4.527516402763275
1812112200,13085620046,6.30758417012954
1812112200,371845040,21.791778777951208
1812112201,60407136,9.449408001673692
1812112201,1245014866,100.16711581793828
1812112201,8647465016,6.724121878558809
1812112201,1812112202,10.708208649364849
1812112202,373141039,371.3875078321454
1812112202,12974551863,185.2605472028098
1812112202,1812112201,10.708208649364849
1812112202,1245014867,10.649452404319304
1812112205,8119544508,34.304350337945934
1812112205,8119544493,6.660599667093873
1812112205,1812112227,133.370029875275
1812112208,8119544506,90.17441085881943
1812112208,8119544498,36.839017112981686
1812112208,8119544493,35.87899211235055
1812112209,1110038800,14.990646071219022
1812112211,809275083,36.578302547605425
1812112211,686065624,50.30523584338977
1812112211,8119577326,6.9735201644331
1812112212,1812112220,50.06714211044334
1812112212,8119577346,38.35077364986038
1812112212,8119577320,6.563719428249335
1812112212,8119544498,5.920525975225912
1812112213,1812112223,49.037052007349494
1812112213,8119544513,40.208607717620886
1812112213,8119577320,40.37117903263266
1812112216,1812112225,49.14947923253668
1812112216,8119577337,37.16043345172864
1812112216,8119577323,6.233617298337802
1812112216,8119544513,6.478733752143715
1812112218,371845047,7.982758034750288
1812112218,373141811,74.43021852434008
1812112218,13085619962,39.0678916570343
1812112218,13085619892,40.04870227731997
1812112219,8119577326,38.0959427805309
1812112219,8119577323,41.14511047909272
1812112219,8119577328,89.16756405563083
1812112220,8119577343,37.54772598105424
1812112220,1812112212,50.06714211044334
1812112220,8119577319,6.263628583958096
1812112223,1812112213,49.037052007349494
1812112223,8119544514,41.26393675969361
1812112223,8119577319,39.55144873861435
1812112225,8119577340,39.00107460321053
1812112225,1812112216,49.14947923253668
1812112225,8119544514,6.114584576948822
1812112227,2474029544,9.43494204253613
1812112227,8119544506,5.991779229588331
1812112227,1812112205,133.370029875275
1812112231,1812112240,39.43600083546929
1812112231,1812112239,17.28097559499136
1812112231,13085619902,14.452410009428435
1812112239,10905753381,5.66561097503236
1812112239,1812112231,17.28097559499136
1812112239,10905753391,16.472184670151435
1812112240,10905753387,15.938027655281164
1812112240,1812112244,12.977466570286063
1812112240,1812112231,39.43600083546929
1812112240,10905753391,45.79655532402896
1812112244,10905753387,12.154658702916032
1812112244,1812112267,9.44205440203239
1812112244,1812112240,12.977466570286065
1812112267,13085619925,1.1978358024341125
1812112267,1812112279,36.871632205536876
1812112267,1812112244,9.44205440203239
1812112273,1812112279,8.295292351548648
1812112273,1812112287,5.175433064348938
1812112273,10905753391,13.824776308080025
1812112276,2473865427,22.045768642407435
1812112276,8119577328,5.258477361495102
1812112276,809275023,37.73041597321888
1812112279,1812112273,8.295292351548648
1812112279,1812112293,5.4264327131011445
1812112279,1812112267,36.871632205536876
1812112287,10905753386,24.61276433400267
1812112287,1812112293,8.309805170824099
1812112287,1812112273,5.175433064348938
1812112293,1812112287,8.309805170824099
1812112293,1812112311,43.51606387710294
1812112293,1812112279,5.4264327131011445
1812112305,1812112311,8.34644924969141
1812112305,13085619925,17.197470978560627
1812112305,13085619925,52.35827735758821
1812112311,1812112293,43.51606387710294
1812112311,10905753384,15.202679528379536
1812112311,1812112305,8.34644924969141
1812112313,11705061176,37.837004207353466
1812112313,373139451,50.481506610529024
1812112313,13085619931,6.923022103094791
1812112315,373140717,49.66307243690043
1812112315,13085619929,38.799296375802804
1812112315,13085619931,48.99509435925021
1895608758,2473851763,11.889860179006146
1895608762,2473851762,54.30049077712894
1895608762,2473851762,173.42980274815062
1895608762,430852954,23.105405801712177
1895608762,430852954,23.072595178403215
1895609895,1895609897,5.473843106624123
1895609895,60407180,39.00788718520151
1895609895,1132520388,28.39608782688686
1895609897,1895609895,5.473843106624123
1895609897,8097383845,7.1410565641020165
1895609897,7838027404,5.201210747413855
1895609897,13252774601,112.5292910197972
1895620911,10187464124,49.50098385552848
1895620911,5729327953,52.42917244181667
1895620911,373155950,38.87126837727898
1895620911,7983169980,202.9784907936486
1895622015,1895622016,17.3096971091441
1895622016,1112358368,5.67218851153523
1895622016,1895622018,21.53869882446738
1895622016,1895622015,17.3096971091441
1895622017,1895622018,17.25512759503875
1895622018,1895622016,21.53869882446738
1895622018,1895622017,17.25512759503875
1895622018,1895622021,17.11804083840519
1895622019,1895622020,33.585914884001205
1895622019,1895622023,28.306162209807628
1895622019,1895622021,32.24897525625624
1895622020,1895622019,33.585914884001205
1895622020,373158844,12.763131401617683
1895622020,1895622038,66.88853062188869
1895622021,1895622023,19.40900000375597
1895622021,1895622018,17.11804083840519
1895622021,1895622019,32.24897525625624
1895622021,8165693810,42.50398214933337
1895622023,8098801497,40.31151764835392
1895622023,1895622021,19.40900000375597
1895622023,1895622019,28.306162209807624
1895622023,1895622036,44.692892319442905
1895622036,1895622038,13.009709327276768
1895622036,1895622023,44.6928923194429
1895622036,1895622054,18.09434250765135
1895622036,8098801497,41.12537876407145
1895622038,1895622054,14.730684572276648
1895622038,1895622020,66.88853062188869
1895622038,365665762,57.652774299635624
1895622038,1895622036,13.009709327276768
1895622054,1895622038,14.730684572276648
1895622054,1895622036,18.09434250765135
1895622054,1895622055,21.48202204604204
1895622055,1895622055,97.0605334355727
1895622055,1895622055,97.0605334355727
1895622055,430858812,65.62356389135637
1895622055,1895622054,21.48202204604204
1895622600,8095126704,1.055208732586458
1895622600,7434839077,19.77777910082846
1895622600,8122342632,18.88992605767084
1895622601,8206950212,25.373692982983886
1895622601,8692842498,6.680933991330553
1895622601,8206950211,27.349844071433186
1895622601,8206950213,28.687117841574945
1917564586,7838027415,9.314457164040972
1917564586,1395134509,104.62378803891532
1917564586,9963758634,35.046225068264185
1917568972,9981871983,22.862957571110215
1917568974,9951899016,19.50587759336871
1917568974,9951899007,16.3403713090641
1917568974,9951910517,10.15485527510058
1917568974,7983169952,38.36561622114513
1917568975,9951899016,13.479642157424099
1917568975,9951899002,26.96358559279647
1917568975,9951899000,19.418448842678043
1917568975,1917568978,24.939625039599093
1917568978,2576860379,8.28733286950725
1917568978,8095126705,37.82705186253213
1917568978,1917568975,24.939625039599093
1917568982,1917568984,35.522327919433046
1917568982,7434839534,37.14936507448372
1917568982,2576860379,18.1086665315982
1917568982,13329614216,86.07341071144032
1917568982,8095126699,85.96832299758252
1917568984,1917568982,35.522327919433046
1917568984,7434839511,72.86862245709376
1917568984,7434839084,81.4668499414452
1917570936,7885367758,7.259747611827523
1936247214,7835344918,35.79039286213199
1936247214,7835344916,10.690519025204328
1936247214,13300320749,28.263024555066398
1936247214,2452237677,40.785039872808134
1936247633,146203637,60.38970081076074
1936247633,146203665,59.093456547343735
1936247633,9981872007,10.168178067732475
1966251295,13246351370,4.995761723613435
1966256712,9951548924,38.77741780763974
1966256712,5793561212,27.29454366889334
1966256712,7831100673,80.66757068314647
1966257385,7831226921,14.710250655804806
1966257385,8082459829,30.821786378500683
1966257385,7831226919,23.73277100147714
1966261740,1966261770,13.199479471258593
1966261740,1966261746,33.597125832828624
1966261740,13240837597,3.7729086027284757
1966261742,13240837599,3.166273015302572
1966261742,1966271743,15.972248598442723
1966261742,7831100603,27.490941723755277
1966261746,1966261740,33.597125832828624
1966261746,60407260,18.928617913563805
1966261746,1966262547,7.988221146373703
1966261748,60407260,34.6732627371474
1966261748,60407256,16.46727963896005
1966261748,8097344485,26.43882668204575
1966261770,1966261740,13.199479471258593
1966261770,1966262546,13.459321476427736
1966261770,13240837599,31.975799089206227
1966261770,1966263240,35.480000507627544
1966262546,1966262549,8.915494544786048
1966262546,1966261770,13.459321476427736
1966262546,60407226,19.241818866847684
1966262547,1966261746,7.988221146373703
1966262547,1966262550,21.797220645845712
1966262547,9951548968,69.06585154896855
1966262548,1966262550,14.424496448420324
1966262548,9951548968,31.444713156286948
1966262548,9951548930,42.16834379968237
1966262549,1966262546,8.915494544786048
1966262549,8083487865,15.098853161638964
1966262549,1966262550,18.108465290890628
1966262550,1966262548,14.424496448420324
1966262550,1966262547,21.797220645845716
1966262550,1966262549,18.108465290890628
1966263240,1966263248,39.00297975513966
1966263240,8099315512,4.511604774310311
1966263240,1966261770,35.480000507627544
1966263248,1966263240,39.00297975513966
1966263248,60407226,6.762414839486669
1966263248,8099328617,14.671246715094021
1966264753,7835344966,15.016109102478842
1966264753,7835344969,40.60074785012328
1966264753,12353178694,109.41711293990573
1966271743,1966261742,15.972248598442723
1966271743,10854085220,39.54409455740956
1966271743,9951548924,42.166084717547164
1966271764,2463019663,111.61972401130612
